# omega0=1, alpha=0.2
# theta0=0.8, theta_dot0=0
# t_start=0, t_end=50, h=0.00911928
#   t          theta(t)                 thetadot(t)       
0  8.000000000000000e-01  0.000000000000000e+00
9.119282013323059e-02 7.970366685981157e-01 -6.476213566179119e-02
1.823856402664613e-01 7.882352528682466e-01 -1.279804742787426e-01
2.735784603996920e-01 7.737522296381529e-01 -1.893119153914372e-01
3.647712805329227e-01 7.537751237529977e-01 -2.484180459315060e-01
4.559641006661534e-01 7.285222214632386e-01 -3.049622624369697e-01
5.471569207993838e-01 6.982424848860957e-01 -3.586082759998006e-01
6.383497409326140e-01 6.632155324542898e-01 -4.090201843177054e-01
7.295425610658441e-01 6.237515371283595e-01 -4.558642126907668e-01
8.207353811990743e-01 5.801908890729994e-01 -4.988121314695101e-01
9.119282013323045e-01 5.329034735396787e-01 -5.375462522052277e-01
1.003121021465535e+00 4.822874287027908e-01 -5.717657924123849e-01
1.094313841598765e+00 4.287672725115714e-01 -6.011942865290673e-01
1.185506661731995e+00 3.727913218050057e-01 -6.255876183945394e-01
1.276699481865225e+00 3.148283695399882e-01 -6.447421702668453e-01
1.367892301998455e+00 2.553636344446770e-01 -6.585025371145787e-01
1.459085122131685e+00 1.948940481495137e-01 -6.667682525898814e-01
1.550277942264916e+00 1.339229935615698e-01 -6.694990203517103e-01
1.641470762398146e+00 7.295465038169086e-02 -6.667180407985366e-01
1.732663582531376e+00 1.248813502017142e-02 -6.585131614610870e-01
1.823856402664606e+00 -4.698836048629199e-02 -6.450357456319862e-01
1.915049222797836e+00 -1.050032243778675e-01 -6.264973301086902e-01
2.006242042931067e+00 -1.611066839180788e-01 -6.031643093737548e-01
2.097434863064297e+00 -2.148755032298376e-01 -5.753510218544159e-01
2.188627683197527e+00 -2.659169954728911e-01 -5.434117102364852e-01
2.279820503330757e+00 -3.138722701787021e-01 -5.077318746451701e-01
2.371013323463987e+00 -3.584186840909623e-01 -4.687195343009350e-01
2.462206143597217e+00 -3.992715090155516e-01 -4.267968657409394e-01
2.553398963730448e+00 -4.361848693652513e-01 -3.823926041805132e-01
2.644591783863678e+00 -4.689520327610631e-01 -3.359354917737559e-01
2.735784603996908e+00 -4.974051578751720e-01 -2.878489453106725e-01
2.826977424130138e+00 -5.214146144371263e-01 -2.385470075802801e-01
2.918170244263368e+00 -5.408879916571019e-01 -1.884315498710764e-01
3.009363064396598e+00 -5.557689045774939e-01 -1.378906134092719e-01
3.100555884529828e+00 -5.660356947442025e-01 -8.729771755897923e-02
3.191748704663059e+00 -5.717001039140719e-01 -3.701192256689684e-02
3.282941524796289e+00 -5.728059790491331e-01 1.262158685930052e-02
3.374134344929519e+00 -5.694280451836675e-01 6.127063606548414e-02
3.465327165062749e+00 -5.616707612553297e-01 1.086151434646155e-01
3.556519985195979e+00 -5.496672538080376e-01 1.543463625905209e-01
3.647712805329209e+00 -5.335783055407667e-01 1.981664645587344e-01
3.738905625462440e+00 -5.135913607634678e-01 2.397886054790804e-01
3.830098445595670e+00 -4.899194985606601e-01 2.789375803145878e-01
3.921291265728900e+00 -4.628003173597627e-01 3.153511168031722e-01
4.012484085862130e+00 -4.324946720235716e-01 3.487818119806844e-01
4.103676905995361e+00 -3.992852067359022e-01 3.789996616349172e-01
4.194869726128591e+00 -3.634746338141311e-01 4.057950823048480e-01
4.286062546261821e+00 -3.253837198855809e-01 4.289822793743477e-01
4.377255366395051e+00 -2.853489560242972e-01 4.484027768935084e-01
4.468448186528281e+00 -2.437199065566923e-01 4.639288984857999e-01
4.559641006661511e+00 -2.008562511040077e-01 4.754669770843011e-01
4.650833826794742e+00 -1.571245545975463e-01 4.829600763203611e-01
4.742026646927972e+00 -1.128948189171294e-01 4.863900287591974e-01
4.833219467061202e+00 -6.853688592566792e-02 4.857786346985225e-01
4.924412287194432e+00 -2.441677365082806e-02 4.811879169860698e-01
5.015605107327662e+00 1.910696581223561e-02 4.727193877745943e-01
5.106797927460892e+00 6.168677698275982e-02 4.605123467567028e-01
5.197990747594122e+00 1.029894351662826e-01 4.447412912672655e-01
5.289183567727353e+00 1.426991088294079e-01 4.256125711534243e-01
5.380376387860583e+00 1.805200889310205e-01 4.033604610200033e-01
5.471569207993813e+00 2.161791409254473e-01 3.782428464868017e-01
5.562762028127043e+00 2.494274535450642e-01 3.505367284142506e-01
5.653954848260273e+00 2.800421767907499e-01 3.205337404426747e-01
5.745147668393503e+00 3.078275584502891e-01 2.885358529439153e-01
5.836340488526734e+00 3.326157028308288e-01 2.548514039573797e-01
5.927533308659964e+00 3.542669864693477e-01 2.197915587585628e-01
6.018726128793194e+00 3.726701729709871e-01 1.836672582902265e-01
6.109918948926424e+00 3.877422727560188e-01 1.467866762884462e-01
6.201111769059654e+00 3.994281936008901e-01 1.094531684086221e-01
6.292304589192884e+00 4.077002248903042e-01 7.196366606012902e-02
6.383497409326115e+00 4.125573930599997e-01 3.460744425844883e-02
6.474690229459345e+00 4.140247184904746e-01 -2.334822840298170e-03
6.565883049592575e+00 4.121523958209071e-01 -3.859181295595247e-02
6.657075869725805e+00 4.070149109793001e-01 -7.390220806972536e-02
6.748268689859035e+00 3.987100998053859e-01 -1.080153369850098e-01
6.839461509992265e+00 3.873581455383066e-01 -1.406918851706288e-01
6.930654330125495e+00 3.731005061240267e-01 -1.717047326377145e-01
7.021847150258726e+00 3.560987576416770e-01 -2.008399607177163e-01
7.113039970391956e+00 3.365333374204650e-01 -2.278980464147736e-01
7.204232790525186e+00 3.146021697712673e-01 -2.526952398059461e-01
7.295425610658416e+00 2.905191587186940e-01 -2.750650971402397e-01
7.386618430791646e+00 2.645125355909367e-01 -2.948601212697292e-01
7.477811250924876e+00 2.368230545767351e-01 -3.119534432437288e-01
7.569004071058107e+00 2.077020360375692e-01 -3.262404656101990e-01
7.660196891191337e+00 1.774092650057188e-01 -3.376403802723102e-01
7.751389711324567e+00 1.462107603590840e-01 -3.460974723691953e-01
7.842582531457797e+00 1.143764380494172e-01 -3.515821268577896e-01
7.933775351591027e+00 8.217769887898828e-02 -3.540914660048431e-01
8.024968171724257e+00 4.988497712795090e-02 -3.536495630404203e-01
8.116160991857488e+00 1.776529038504125e-02 -3.503071984561772e-01
8.207353811990718e+00 -1.392016707864254e-02 -3.441411491393545e-01
8.298546632123948e+00 -4.491834526742227e-02 -3.352530247765375e-01
8.389739452257178e+00 -7.498653399954158e-02 -3.237676887743458e-01
8.480932272390408e+00 -1.038943975962819e-01 -3.098313205424639e-01
8.572125092523638e+00 -1.314258191971390e-01 -2.936091909444424e-01
8.663317912656868e+00 -1.573805321973736e-01 -2.752832321126265e-01
8.754510732790099e+00 -1.815755239112266e-01 -2.550494862720055e-01
8.845703552923329e+00 -2.038462042194109e-01 -2.331155159026333e-01
8.936896373056559e+00 -2.240473391644986e-01 -2.096978501546186e-01
9.028089193189789e+00 -2.420537557921546e-01 -1.850195309458206e-01
9.119282013323019e+00 -2.577608296851668e-01 -1.593078078813717e-01
9.210474833456249e+00 -2.710847704061174e-01 -1.327920153815554e-01
9.301667653589480e+00 -2.819627223801188e-01 -1.057016494907492e-01
9.392860473722710e+00 -2.903526996505998e-01 -7.826464691806033e-02
9.484053293855940e+00 -2.962333725636401e-01 -5.070585586647898e-02
9.575246113989170e+00 -2.996037229888422e-01 -2.324567782648253e-02
9.666438934122400e+00 -3.004825824268401e-01 3.901147832381073e-03
9.757631754255630e+00 -2.989080645723532e-01 3.052664876163132e-02
9.848824574388860e+00 -2.949369008906246e-01 5.643064725638552e-02
9.940017394522091e+00 -2.886436848055162e-01 8.142174181085915e-02
1.003121021465532e+01 -2.801200274435826e-01 1.053182692075158e-01
1.012240303478855e+01 -2.694736257447590e-01 1.279492670299433e-01
1.021359585492178e+01 -2.568272423026887e-01 1.491554482555591e-01
1.030478867505501e+01 -2.423175956463776e-01 1.687901904644973e-01
1.039598149518824e+01 -2.260941598701831e-01 1.867205328650574e-01
1.048717431532147e+01 -2.083178735501166e-01 2.028281654549969e-01
1.057836713545470e+01 -1.891597596800919e-01 2.170103868504567e-01
1.066955995558793e+01 -1.687994607957020e-01 2.291810011898761e-01
1.076075277572116e+01 -1.474236963516934e-01 2.392711205206444e-01
1.085194559585439e+01 -1.252246525730357e-01 2.472298375192893e-01
1.094313841598762e+01 -1.023983181776397e-01 2.530247344257412e-01
1.103433123612085e+01 -7.914278233615951e-02 2.566421976403616e-01
1.112552405625408e+01 -5.565651376911660e-02 2.580875132951552e-01
1.121671687638731e+01 -3.213664179262931e-02 2.573847268433414e-01
1.130790969652054e+01 -8.777261265934949e-03 2.545762587418906e-01
1.139910251665377e+01 1.423221632161175e-02 2.497222779583850e-01
1.149029533678700e+01 3.670864398406363e-02 2.428998446060131e-01
1.158148815692023e+01 5.847663239339936e-02 2.342018418127731e-01
1.167268097705346e+01 7.936993704029334e-02 2.237357243627103e-01
1.176387379718669e+01 9.923272416816381e-02 2.116221172440260e-01
1.185506661731992e+01 1.179207034441960e-01 1.979933007078181e-01
1.194625943745315e+01 1.353021187422472e-01 1.829916196753498e-01
1.203745225758638e+01 1.512585918366393e-01 1.667678544073393e-01
1.212864507771961e+01 1.656858170557312e-01 1.494795865039237e-01
1.221983789785284e+01 1.784941078605548e-01 1.312895899041799e-01
1.231103071798607e+01 1.896087987749719e-01 1.123642710497605e-01
1.240222353811930e+01 1.989705080212295e-01 9.287217625841571e-02
1.249341635825254e+01 2.065352675748228e-01 7.298257810686044e-02
1.258460917838577e+01 2.122745281543817e-01 5.286414669563471e-02
1.267580199851900e+01 2.161750469528877e-01 3.268370644001779e-02
1.276699481865223e+01 2.182386657735875e-01 1.260507479211694e-02
1.285818763878546e+01 2.184819867573429e-01 -7.212023755902909e-03
1.294938045891869e+01 2.169359521908745e-01 -2.661297681400289e-02
1.304057327905192e+01 2.136453340847108e-01 -4.544924530637830e-02
1.313176609918515e+01 2.086681384189280e-01 -6.357927498321568e-02
1.322295891931838e+01 2.020749282759886e-01 -8.086936473336354e-02
1.331415173945161e+01 1.939480695978770e-01 -9.719449565463274e-02
1.340534455958484e+01 1.843809030821257e-01 -1.124391217377097e-01
1.349653737971807e+01 1.734768458060573e-01 -1.264979196478404e-01
1.358773019985130e+01 1.613484265520276e-01 -1.392764917381016e-01
1.367892301998453e+01 1.481162594836414e-01 -1.506920133814405e-01
1.377011584011776e+01 1.339079617542852e-01 -1.606738132201531e-01
1.386130866025099e+01 1.188570217539682e-01 -1.691638732115281e-01
1.395250148038422e+01 1.031016259408791e-01 -1.761172345494126e-01
1.404369430051745e+01 8.678345347188476e-02 -1.815022957472781e-01
1.413488712065068e+01 7.004644904879549e-02 -1.853009903880156e-01
1.422607994078391e+01 5.303558544462076e-02 -1.875088342127214e-01
1.431727276091714e+01 3.589562798557089e-02 -1.881348341983354e-01
1.440846558105037e+01 1.876991377486838e-02 -1.872012558659344e-01
1.449965840118360e+01 1.799158608153164e-03 -1.847432490281064e-01
1.459085122131683e+01 -1.487969567485709e-02 -1.808083362618332e-01
1.468204404145006e+01 -3.113458122974747e-02 -1.754557723172842e-01
1.477323686158329e+01 -4.683934037842711e-02 -1.687557861968912e-01
1.486442968171652e+01 -6.187468786074512e-02 -1.607887205555022e-01
1.495562250184975e+01 -7.612909055618296e-02 -1.516440852273175e-01
1.504681532198298e+01 -8.949955766371728e-02 -1.414195429878266e-01
1.513800814211621e+01 -1.018923360053018e-01 -1.302198460848877e-01
1.522920096224944e+01 -1.132235067959376e-01 -1.181557416624925e-01
1.532039378238267e+01 -1.234194818287156e-01 -1.053428630501708e-01
1.541158660251590e+01 -1.324173984951904e-01 -9.190062214162856e-02
1.550277942264913e+01 -1.401654143530289e-01 -7.795111590947461e-02
1.559397224278236e+01 -1.466229030335174e-01 -6.361805768482440e-02
1.568516506291559e+01 -1.517605541377293e-01 -4.902574135682485e-02
1.577635788304882e+01 -1.555603804048528e-01 -3.429804428938302e-02
1.586755070318205e+01 -1.580156358668409e-01 -1.955747265734166e-02
1.595874352331528e+01 -1.591306489596004e-01 -4.924251185713684e-03
1.604993634344851e+01 -1.589205746804503e-01 9.484541990857858e-03
1.614112916358174e+01 -1.574110699077453e-01 2.355579540953513e-02
1.623232198371497e+01 -1.546378959760338e-01 3.718113965578938e-02
1.632351480384820e+01 -1.506464525716597e-01 5.025767823555068e-02
1.641470762398143e+01 -1.454912470170932e-01 6.268867361243086e-02
1.650590044411466e+01 -1.392353030778593e-01 7.438418726375792e-02
1.659709326424789e+01 -1.319495135747454e-01 8.526167161827186e-02
1.668828608438112e+01 -1.237119413266936e-01 9.524651068974613e-02
1.677947890451435e+01 -1.146070732862727e-01 1.042725052318673e-01
1.687067172464758e+01 -1.047250331493846e-01 1.122822974195963e-01
1.696186454478081e+01 -9.416075820407684e-02 1.192277295045841e-01
1.705305736491404e+01 -8.301314670260690e-02 1.250701306689559e-01
1.714425018504727e+01 -7.138418256345477e-02 1.297805264584128e-01
1.723544300518050e+01 -5.937804470018813e-02 1.333397657284562e-01
1.732663582531373e+01 -4.710020869621903e-02 1.357385609729969e-01
1.741782864544696e+01 -3.465654886536573e-02 1.369774391806512e-01
1.750902146558019e+01 -2.215244892957358e-02 1.370666019137950e-01
1.760021428571342e+01 -9.691929585995128e-03 1.360256950427676e-01
1.769140710584665e+01 2.623198886785616e-03 1.338834903938277e-01
1.778259992597988e+01 1.469415112267698e-02 1.306774833811765e-01
1.787379274611311e+01 2.642594085123539e-02 1.264534123903398e-01
1.796498556624634e+01 3.772810795498512e-02 1.212647071727531e-01
1.805617838637957e+01 4.851539230562582e-02 1.151718747266416e-01
1.814737120651280e+01 5.870834909977782e-02 1.082418320258092e-01
1.823856402664603e+01 6.823390129556565e-02 1.005471954884592e-01
1.832975684677927e+01 7.702582566394812e-02 9.216553725013846e-02
1.842094966691250e+01 8.502516988135637e-02 8.317861813919016e-02
1.851214248704573e+01 9.218059897384025e-02 7.367160679083261e-02
1.860333530717896e+01 9.844867025300272e-02 6.373229363410757e-02
1.869452812731219e+01 1.037940366416846e-01 5.345030761188613e-02
1.878572094744542e+01 1.081895789602282e-01 4.291634252013386e-02
1.887691376757865e+01 1.116164683263668e-01 3.222139885021465e-02
1.896810658771188e+01 1.140641603138307e-01 2.145604605286001e-02
1.905929940784511e+01 1.155303229226425e-01 1.070970927029095e-02
1.915049222797834e+01 1.160207007483533e-01 6.998384651281343e-05
1.924168504811157e+01 1.155489180118748e-01 -1.037801964734309e-02
1.933287786824480e+01 1.141362233416655e-01 -2.055229753368987e-02
1.942407068837803e+01 1.118111794017506e-01 -3.037454018241243e-02
1.951526350851126e+01 1.086093006473735e-01 -3.977068215716233e-02
1.960645632864449e+01 1.045726426778012e-01 -4.867141325982352e-02
1.969764914877772e+01 9.974934685268848e-02 -5.701264823846200e-02
1.978884196891095e+01 9.419314405042681e-02 -6.473595273992594e-02
1.988003478904418e+01 8.796282167598442e-02 -7.178892290602197e-02
1.997122760917741e+01 8.112165826965849e-02 -7.812551587597172e-02
2.006242042931064e+01 7.373683032088377e-02 -8.370632840707438e-02
2.015361324944387e+01 6.587879614344629e-02 -8.849882089209662e-02
2.024480606957710e+01 5.762066190834911e-02 -9.247748425812265e-02
2.033599888971033e+01 4.903753514483394e-02 -9.562394758853508e-02
2.042719170984356e+01 4.020587119487953e-02 -9.792702481682614e-02
2.051838452997679e+01 3.120281822865000e-02 -9.938269948593703e-02
2.060957735011002e+01 2.210556648623035e-02 -9.999404732727413e-02
2.070077017024325e+01 1.299070739539142e-02 -9.977109725837323e-02
2.079196299037648e+01 3.933608120040663e-03 -9.873063229016582e-02
2.088315581050971e+01 -4.992193083029017e-03 -9.689593273340533e-02
2.097434863064294e+01 -1.371556557921322e-02 -9.429646495815799e-02
2.106554145077617e+01 -2.216833435663439e-02 -9.096751975202726e-02
2.115673427090940e+01 -3.028579292691515e-02 -8.694980500878915e-02
2.124792709104263e+01 -3.800717719880657e-02 -8.228899803344339e-02
2.133911991117586e+01 -4.527609689899723e-02 -7.703526315510641e-02
2.143031273130909e+01 -5.204092164598473e-02 -7.124274058789762e-02
2.152150555144232e+01 -5.825511933001092e-02 -6.496901257361827e-02
2.161269837157555e+01 -6.387754500101324e-02 -5.827455278892477e-02
2.170389119170878e+01 -6.887267900488563e-02 -5.122216482157882e-02
2.179508401184201e+01 -7.321081362551921e-02 -4.387641523858143e-02
2.188627683197524e+01 -7.686818797786418e-02 -3.630306641052605e-02
2.197746965210847e+01 -7.982707134991621e-02 -2.856851384973798e-02
2.206866247224170e+01 -8.207579560595855e-02 -2.073923239245353e-02
2.215985529237493e+01 -8.360873763888596e-02 -1.288123513264698e-02
2.225104811250816e+01 -8.442625319742196e-02 -5.059548618262525e-03
2.234224093264139e+01 -8.453456371764097e-02 2.662292534552641e-03
2.243343375277462e+01 -8.394559806171924e-02 1.022272875710565e-02
2.252462657290785e+01 -8.267679131520367e-02 1.756263376954952e-02
2.261581939304108e+01 -8.075084302231568e-02 2.462574553828635e-02
2.270701221317431e+01 -7.819543745148816e-02 3.135906768782848e-02
2.279820503330754e+01 -7.504292868418766e-02 3.771323921898304e-02
2.288939785344077e+01 -7.132999351162379e-02 4.364287047844954e-02
2.298059067357400e+01 -6.709725530730527e-02 4.910684341417648e-02
2.307178349370723e+01 -6.238888221817016e-02 5.406857425258779e-02
2.316297631384046e+01 -5.725216318134680e-02 5.849623686342260e-02
2.325416913397369e+01 -5.173706542433077e-02 6.236294524843902e-02
2.334536195410692e+01 -4.589577723929938e-02 6.564689381126490e-02
2.343655477424015e+01 -3.978223993253246e-02 6.833145434279204e-02
2.352774759437338e+01 -3.345167293226949e-02 7.040522899077345e-02
2.361894041450661e+01 -2.696009608772256e-02 7.186205887020172e-02
2.371013323463984e+01 -2.036385320381186e-02 7.270098840485620e-02
2.380132605477307e+01 -1.371914082680846e-02 7.292618595863408e-02
2.389251887490630e+01 -7.081546222954748e-03 7.254682180360597e-02
2.398371169503953e+01 -5.055983741804605e-04 7.157690496399537e-02
2.407490451517276e+01 5.955664347349669e-03 7.003508095460023e-02
2.416609733530600e+01 1.225110636899285e-02 6.794439288211301e-02
2.425729015543923e+01 1.833188375881452e-02 6.533200878340388e-02
2.434848297557246e+01 2.415180678379688e-02 6.222891842357938e-02
2.443967579570569e+01 2.966767355797097e-02 5.866960305910835e-02
2.453086861583892e+01 3.483957248318449e-02 5.469168188168127e-02
2.462206143597215e+01 3.963115153083187e-02 5.033553899465489e-02
2.471325425610538e+01 4.400985276757034e-02 4.564393483749853e-02
2.480444707623861e+01 4.794711088540217e-02 4.066160596947530e-02
2.489563989637184e+01 5.141851485066991e-02 3.543485705948467e-02
2.498683271650507e+01 5.440393213243349e-02 3.001114881422376e-02
2.507802553663830e+01 5.688759530426533e-02 2.443868542249430e-02
2.516921835677153e+01 5.885815113161813e-02 1.876600491090074e-02
2.526041117690476e+01 6.030867255751948e-02 1.304157560627790e-02
2.535160399703799e+01 6.123663428130673e-02 7.313401692795724e-03
2.544279681717122e+01 6.164385288813813e-02 1.628640644999801e-03
2.553398963730445e+01 6.153639273146499e-02 -3.966764881812018e-03
2.562518245743768e+01 6.092443899733864e-02 -9.428438311656738e-03
2.571637527757091e+01 5.982213958941677e-02 -1.471390134312662e-02
2.580756809770414e+01 5.824741766792611e-02 -1.978288502999957e-02
2.589876091783737e+01 5.622175685558400e-02 -2.459761785373536e-02
2.598995373797060e+01 5.376996128923017e-02 -2.912308904575141e-02
2.608114655810383e+01 5.091989284790821e-02 -3.332728556868698e-02
2.617233937823706e+01 4.770218802612231e-02 -3.718140132253869e-02
2.626353219837029e+01 4.414995704424735e-02 -4.066001730885561e-02
2.635472501850352e+01 4.029846789540125e-02 -4.374125166874910e-02
2.644591783863675e+01 3.618481811793549e-02 -4.640687871183504e-02
2.653711065876998e+01 3.184759715324077e-02 -4.864241627548606e-02
2.662830347890321e+01 2.732654219786155e-02 -5.043718099736368e-02
2.671949629903644e+01 2.266219048506670e-02 -5.178431134780778e-02
2.681068911916967e+01 1.789553093233406e-02 -5.268075854925144e-02
2.690188193930290e+01 1.306765806632396e-02 -5.312724580283047e-02
2.699307475943613e+01 8.219431084966235e-03 -5.312819654192957e-02
2.708426757956936e+01 3.391140836969372e-03 -5.269163273181850e-02
2.717546039970259e+01 -1.377812607278378e-03 -5.182904452656738e-02
2.726665321983582e+01 -6.049229251804748e-03 -5.055523287185332e-02
2.735784603996905e+01 -1.058640295326328e-02 -4.888812689823858e-02
2.744903886010228e+01 -1.495439747523418e-02 -4.684857817797809e-02
2.754023168023551e+01 -1.912030281084297e-02 -4.446013411448470e-02
2.763142450036874e+01 -2.305346998043556e-02 -4.174879289368921e-02
2.772261732050197e+01 -2.672572273843727e-02 -3.874274254862254e-02
2.781381014063520e+01 -3.011154486028669e-02 -3.547208677208828e-02
2.790500296076843e+01 -3.318824192298883e-02 -3.196856015821044e-02
2.799619578090166e+01 -3.593607673803788e-02 -2.826523556415007e-02
2.808738860103489e+01 -3.833837784012970e-02 -2.439622626165708e-02
2.817858142116812e+01 -4.038162067646864e-02 -2.039638549840098e-02
2.826977424130135e+01 -4.205548137721109e-02 -1.630100601569246e-02
2.836096706143458e+01 -4.335286321573881e-02 -1.214552197688848e-02
2.845215988156781e+01 -4.426989608649066e-02 -7.965215653909884e-03
2.854335270170104e+01 -4.480590953686368e-02 -3.794931101909855e-03
2.863454552183427e+01 -4.496338008742226e-02 3.312030724138561e-04
2.872573834196750e+01 -4.474785376080070e-02 4.380039872472164e-03
2.881693116210073e+01 -4.416784491391854e-02 8.319667158922048e-03
2.890812398223396e+01 -4.323471263024371e-02 1.211964627161684e-02
2.899931680236719e+01 -4.196251607867214e-02 1.575123445127552e-02
2.909050962250042e+01 -4.036785038296408e-02 1.918758962363518e-02
2.918170244263365e+01 -3.846966467033809e-02 2.240395624998043e-02
2.927289526276688e+01 -3.628906407941614e-02 2.537783109361124e-02
2.936408808290011e+01 -3.384909760576546e-02 2.808910790335275e-02
2.945528090303334e+01 -3.117453374719988e-02 3.052020017381948e-02
2.954647372316657e+01 -2.829162598010095e-02 3.265614130869157e-02
2.963766654329980e+01 -2.522787015154902e-02 3.448466168812730e-02
2.972885936343303e+01 -2.201175590926473e-02 3.599624232442077e-02
2.982005218356626e+01 -1.867251431154384e-02 3.718414498025684e-02
2.991124500369950e+01 -1.523986376192715e-02 3.804441881989908e-02
3.000243782383273e+01 -1.174375639785031e-02 3.857588386323332e-02
3.009363064396596e+01 -8.214127028755994e-03 3.878009171311171e-02
3.018482346409919e+01 -4.680646667175470e-03 3.866126422483804e-02
3.027601628423242e+01 -1.172482626440580e-03 3.822621097959045e-02
3.036720910436565e+01 2.281932928378300e-03 3.748422660771687e-02
3.045840192449888e+01 5.655124193042873e-03 3.644696917988458e-02
3.054959474463211e+01 8.920781035313465e-03 3.512832104101413e-02
3.064078756476534e+01 1.205395487167557e-02 3.354423360119325e-02
3.073198038489857e+01 1.503123972028065e-02 3.171255771729236e-02
3.082317320503180e+01 1.783093719438791e-02 2.965286139734470e-02
3.091436602516503e+01 2.043320436219608e-02 2.738623663611631e-02
3.100555884529826e+01 2.282018356650931e-02 2.493509724452413e-02
3.109675166543149e+01 2.497611346918906e-02 2.232296956812176e-02
3.118794448556472e+01 2.688742075886782e-02 1.957427800174926e-02
3.127913730569795e+01 2.854279213411741e-02 1.671412720005613e-02
3.137033012583118e+01 2.993322634649444e-02 1.376808285868828e-02
3.146152294596441e+01 3.105206625711611e-02 1.076195290040031e-02
3.155271576609764e+01 3.189501102531737e-02 7.721570846199134e-03
3.164390858623087e+01 3.246010870735336e-02 4.672583085775517e-03
3.173510140636410e+01 3.274772969605284e-02 1.640241685718925e-03
3.182629422649733e+01 3.276052157797083e-02 -1.350795710101289e-03
3.191748704663056e+01 3.250334612222906e-02 -4.276657424784318e-03
3.200867986676379e+01 3.198319924427519e-02 -7.114439371323112e-03
3.209987268689702e+01 3.120911490771719e-02 -9.842375490871020e-03
3.219106550703025e+01 3.019205403772851e-02 -1.243999585054692e-02
3.228225832716348e+01 2.894477961984064e-02 -1.488827135717612e-02
3.237345114729671e+01 2.748171924781850e-02 -1.716974416012181e-02
3.246464396742994e+01 2.581881646334118e-02 -1.926864293762916e-02
3.255583678756317e+01 2.397337229797438e-02 -2.117098238681595e-02
3.264702960769640e+01 2.196387848402403e-02 -2.286464636744856e-02
3.273822242782963e+01 1.980984384492293e-02 -2.433945428363190e-02
3.282941524796286e+01 1.753161540748293e-02 -2.558721042501017e-02
3.292060806809609e+01 1.515019579735788e-02 -2.660173612927888e-02
3.301180088822932e+01 1.268705848520181e-02 -2.737888476976294e-02
3.310299370836255e+01 1.016396244416677e-02 -2.791653971429696e-02
3.319418652849578e+01 7.602767759580481e-03 -2.821459554322583e-02
3.328537934862901e+01 5.025253699029900e-03 -2.827492295343235e-02
3.337657216876224e+01 2.452940705956627e-03 -2.810131791020161e-02
3.346776498889547e+01 -9.308227729591174e-05 -2.769943573771478e-02
3.355895780902870e+01 -2.592323819636673e-03 -2.707671096033193e-02
3.365015062916194e+01 -5.025048086488559e-03 -2.624226381897761e-02
3.374134344929517e+01 -7.372423831068589e-03 -2.520679448845952e-02
3.383253626942840e+01 -9.616663220329001e-03 -2.398246611122268e-02
3.392372908956163e+01 -1.174114952953315e-02 -2.258277783992646e-02
3.401492190969486e+01 -1.373055285117404e-02 -2.102242914467595e-02
3.410611472982809e+01 -1.557093308083520e-02 -1.931717669038462e-02
3.419730754996132e+01 -1.724982956338030e-02 -1.748368512552787e-02
3.428850037009455e+01 -1.875633690628238e-02 -1.553937314567326e-02
3.437969319022778e+01 -2.008116659173923e-02 -1.350225620408511e-02
3.447088601036101e+01 -2.121669414429073e-02 -1.139078723804000e-02
3.456207883049424e+01 -2.215699173484599e-02 -9.223696764039909e-03
3.465327165062747e+01 -2.289784622430645e-02 -7.019833668754995e-03
3.474446447076070e+01 -2.343676276938447e-02 -4.798007986199074e-03
3.483565729089393e+01 -2.377295422889824e-02 -2.576836906270712e-03
3.492685011102716e+01 -2.390731671998941e-02 -3.745952062819498e-04
3.501804293116039e+01 -2.384239177965704e-02 1.790928763718058e-03
3.510923575129362e+01 -2.358231568709850e-02 3.902570478377860e-03
3.520042857142685e+01 -2.313275659602957e-02 5.943919027026442e-03
3.529162139156008e+01 -2.250084021291426e-02 7.899438384518030e-03
3.538281421169331e+01 -2.169506483640954e-02 9.754579334551939e-03
3.547400703182654e+01 -2.072520664491052e-02 1.149588130469128e-02
3.556519985195977e+01 -1.960221618249039e-02 1.311106346379474e-02
3.565639267209300e+01 -1.833810704843598e-02 1.458910452751479e-02
3.574758549222623e+01 -1.694583784168724e-02 1.592031081544980e-02
3.583877831235946e+01 -1.543918844854855e-02 1.709637220396485e-02
3.592997113249269e+01 -1.383263178984835e-02 1.811040572104754e-02
3.602116395262592e+01 -1.214120216213511e-02 1.895698663319281e-02
3.611235677275915e+01 -1.038036131642867e-02 1.963216697847954e-02
3.620354959289238e+01 -8.565863417483275e-03 2.013348160389333e-02
3.629474241302561e+01 -6.713620016528509e-03 2.045994186767175e-02
3.638593523315884e+01 -4.839566151185814e-03 2.061201726804947e-02
3.647712805329207e+01 -2.959528657949473e-03 2.059160535727539e-02
3.656832087342530e+01 -1.089097745601403e-03 2.040199039316715e-02
3.665951369355853e+01 7.564971673836467e-04 2.004779126878612e-02
3.675070651369176e+01 2.562506401485364e-03 1.953489934313296e-02
3.684189933382499e+01 4.314772861180784e-03 1.887040687123439e-02
3.693309215395822e+01 5.999837953567642e-03 1.806252679987191e-02
3.702428497409145e+01 7.605039830414731e-03 1.712050475487275e-02
3.711547779422468e+01 9.118603281195747e-03 1.605452409686139e-02
3.720667061435791e+01 1.052972068661224e-02 1.487560496432025e-02
3.729786343449114e+01 1.182862352746678e-02 1.359549825554442e-02
3.738905625462437e+01 1.300664403166572e-02 1.222657552455502e-02
3.748024907475760e+01 1.405626663177182e-02 1.078171578034822e-02
3.757144189489083e+01 1.497116899606197e-02 9.274190184215112e-03
3.766263471502406e+01 1.574625248667257e-02 7.717545636579097e-03
3.775382753515729e+01 1.637766198836280e-02 6.125488233258188e-03
3.784502035529052e+01 1.686279513996218e-02 4.511767551718835e-03
3.793621317542375e+01 1.720030108700395e-02 2.890062701241294e-03
3.802740599555698e+01 1.739006895773789e-02 1.273871037478080e-03
3.811859881569021e+01 1.743320634506855e-02 -3.235995978192432e-04
3.820979163582344e+01 1.733200815343068e-02 -1.889534296584576e-03
3.830098445595667e+01 1.708991624169153e-02 -3.411609399108239e-03
3.839217727608990e+01 1.671147036040381e-02 -4.878084994412096e-03
3.848337009622313e+01 1.620225094371395e-02 -6.277890956857752e-03
3.857456291635636e+01 1.556881437258843e-02 -7.600705933028979e-03
3.866575573648959e+01 1.481862137643147e-02 -8.837028759781181e-03
3.875694855662282e+01 1.395995928434711e-02 -9.978241864078429e-03
3.884814137675605e+01 1.300185887500643e-02 -1.101666626736948e-02
3.893933419688928e+01 1.195400660511941e-02 -1.194560789129920e-02
3.903052701702251e+01 1.082665302072946e-02 -1.275939493699829e-02
3.912171983715574e+01 9.630518172843548e-03 -1.345340618650365e-02
3.921291265728897e+01 8.376694869228802e-03 -1.402409015146602e-02
3.930410547742220e+01 7.076550597547978e-03 -1.446897507060665e-02
3.939529829755543e+01 5.741628951425905e-03 -1.478666983277302e-02
3.948649111768867e+01 4.383551380650063e-03 -1.497685597628133e-02
3.957768393782190e+01 3.013920069680761e-03 -1.504027098688131e-02
3.966887675795513e+01 1.644222725209070e-03 -1.497868318550169e-02
3.976006957808836e+01 2.857400239396215e-04 -1.479485856231461e-02
3.985126239822159e+01 -1.050543563568531e-03 -1.449251997500838e-02
3.994245521835482e+01 -2.354024897903837e-03 -1.407629918593521e-02
4.003364803848805e+01 -3.614562615232216e-03 -1.355168226451674e-02
4.012484085862128e+01 -4.822552311893757e-03 -1.292494892752093e-02
4.021603367875451e+01 -5.968995944010471e-03 -1.220310643021968e-02
4.030722649888774e+01 -7.045564974462141e-03 -1.139381865572519e-02
4.039841931902097e+01 -8.044656859940989e-03 -1.050533107779515e-02
4.048961213915420e+01 -8.959444533410615e-03 -9.546392293982924e-03
4.058080495928743e+01 -9.783918601584401e-03 -8.526172841159252e-03
4.067199777942066e+01 -1.051292204241790e-02 -7.454182014190586e-03
4.076319059955389e+01 -1.114217725350034e-02 -6.340183411037969e-03
4.085438341968712e+01 -1.166830536806687e-02 -5.194109923909679e-03
4.094557623982035e+01 -1.208883782058855e-02 -4.025978886583342e-03
4.103676905995358e+01 -1.240222020800561e-02 -2.845808072872557e-03
4.112796188008681e+01 -1.260780855515248e-02 -1.663533220746700e-03
4.121915470022004e+01 -1.270585815330881e-02 -4.889277311438511e-04
4.131034752035327e+01 -1.269750519865889e-02 6.684748396121463e-04
4.140154034048650e+01 -1.258474151234325e-02 1.799454909312674e-03
4.149273316061973e+01 -1.237038267536546e-02 2.895177075177206e-03
4.158392598075296e+01 -1.205802995953164e-02 3.947255890808951e-03
4.167511880088619e+01 -1.165202647954177e-02 4.947816755747437e-03
4.176631162101942e+01 -1.115740803104871e-02 5.889551506496492e-03
4.185750444115265e+01 -1.057984911471344e-02 6.765768348239619e-03
4.194869726128588e+01 -9.925604676813788e-03 7.570435818798104e-03
4.203989008141911e+01 -9.201448122642432e-03 8.298220530332323e-03
4.213108290155234e+01 -8.414606179632370e-03 8.944518489415874e-03
4.222227572168557e+01 -7.572691202785084e-03 9.505479851998086e-03
4.231346854181880e+01 -6.683631525499258e-03 9.978027025976593e-03
4.240466136195203e+01 -5.755600464297332e-03 1.035986609018427e-02
4.249585418208526e+01 -4.796944586254849e-03 1.064949155410469e-02
4.258704700221849e+01 -3.816111843226382e-03 1.084618453711822e-02
4.267823982235172e+01 -2.821580167345270e-03 1.095000449909985e-02
4.276943264248495e+01 -1.821787107906593e-03 1.096177470530361e-02
4.286062546261818e+01 -8.250610708167845e-04 1.088306165725364e-02
4.295181828275141e+01 1.604453014602160e-04 1.071614876741941e-02
4.304301110288464e+01 1.126819098845117e-03 1.046400459840707e-02
4.313420392301787e+01 2.066447981936075e-03 1.013024602691171e-02
4.322539674315110e+01 2.972077444626640e-03 9.719096728444628e-03
4.331658956328433e+01 3.836864093616741e-03 9.235341410616186e-03
4.340778238341756e+01 4.654424577684096e-03 8.684276250307169e-03
4.349897520355079e+01 5.418879842196957e-03 8.071656013234587e-03
4.359016802368402e+01 6.124894428871546e-03 7.403638353097235e-03
4.368136084381725e+01 6.767710586795885e-03 6.686725801606047e-03
4.377255366395048e+01 7.343177007838895e-03 5.927705970245944e-03
4.386374648408371e+01 7.847772047323018e-03 5.133590489606654e-03
4.395493930421694e+01 8.278621338848184e-03 4.311553212629133e-03
4.404613212435017e+01 8.633509760010469e-03 3.468868204249599e-03
4.413732494448340e+01 8.910887753067793e-03 2.612848031827213e-03
4.422851776461663e+01 9.109872050989282e-03 1.750782858587140e-03
4.431971058474986e+01 9.230240904423152e-03 8.898808262973443e-04
4.441090340488309e+01 9.272423948588383e-03 3.721019374716376e-05
4.450209622501632e+01 9.237486890617187e-03 -8.003563254503329e-04
4.459328904514955e+01 9.127111237150091e-03 -1.616194608394497e-03
4.468448186528278e+01 8.943569318739911e-03 -2.403979163485185e-03
4.477567468541601e+01 8.689694901605831e-03 -3.157729809411232e-03
4.486686750554924e+01 8.368849708272308e-03 -3.871854669813398e-03
4.495806032568247e+01 7.984886196434100e-03 -4.541189196809946e-03
4.504925314581570e+01 7.542106969841493e-03 -5.161030974165640e-03
4.514044596594893e+01 7.045221215959714e-03 -5.727170089839152e-03
4.523163878608216e+01 6.499298582514234e-03 -6.235914907636917e-03
4.532283160621540e+01 5.909720918709491e-03 -6.684113108405942e-03
4.541402442634863e+01 5.282132316852496e-03 -7.069167912282943e-03
4.550521724648186e+01 4.622387896305294e-03 -7.389049434650133e-03
4.559641006661509e+01 3.936501774142281e-03 -7.642301169296921e-03
4.568760288674832e+01 3.230594665640647e-03 -7.828041632522572e-03
4.577879570688155e+01 2.510841552855648e-03 -7.945961241214194e-03
4.586998852701478e+01 1.783419851126572e-03 -7.996314535982582e-03
4.596118134714801e+01 1.054458491552503e-03 -7.979907896932764e-03
4.605237416728124e+01 3.299883224238382e-04 -7.898082934299628e-03
4.614356698741447e+01 -3.841057855233995e-04 -7.752695768722680e-03
4.623475980754770e+01 -1.082130766144565e-03 -7.546092446121870e-03
4.632595262768093e+01 -1.758628776946789e-03 -7.281080759745606e-03
4.641714544781416e+01 -2.408417895915629e-03 -6.960898776798663e-03
4.650833826794739e+01 -3.026629809993593e-03 -6.589180388955539e-03
4.659953108808062e+01 -3.608744239096676e-03 -6.169918224889299e-03
4.669072390821385e+01 -4.150619871128010e-03 -5.707424278593913e-03
4.678191672834708e+01 -4.648521616300043e-03 -5.206288619678257e-03
4.687310954848031e+01 -5.099144022910013e-03 -4.671336560922838e-03
4.696430236861354e+01 -5.499630731227632e-03 -4.107584664207534e-03
4.705549518874677e+01 -5.847589877048888e-03 -3.520195968461557e-03
4.714668800888000e+01 -6.141105391449255e-03 -2.914434822605195e-03
4.723788082901323e+01 -6.378744178042674e-03 -2.295621702622670e-03
4.732907364914646e+01 -6.559559183336503e-03 -1.669088385027410e-03
4.742026646927969e+01 -6.683088409294922e-03 -1.040133839177674e-03
4.751145928941292e+01 -6.749349949723568e-03 -4.139811883150436e-04
4.760265210954615e+01 -6.758833163319922e-03 2.042639260085608e-04
4.769384492967938e+01 -6.712486125966060e-03 8.096532591009541e-04
4.778503774981261e+01 -6.611699532858680e-03 1.397433860787281e-03
4.787623056994584e+01 -6.458287247179226e-03 1.963083680400728e-03
4.796742339007907e+01 -6.254463716027335e-03 2.502344627743631e-03
4.805861621021230e+01 -6.002818496116366e-03 3.011252864061481e-03
4.814980903034553e+01 -5.706288151123604e-03 3.486166123860550e-03
4.824100185047876e+01 -5.368125799484636e-03 3.923787896334042e-03
4.833219467061199e+01 -4.991868605727847e-03 4.321188324000203e-03
4.842338749074522e+01 -4.581303520089582e-03 4.675821705653211e-03
4.851458031087845e+01 -4.140431580084604e-03 4.985540520636872e-03
4.860577313101168e+01 -3.673431093903580e-03 5.248605921524251e-03
4.869696595114491e+01 -3.184620028966012e-03 5.463694672277180e-03
4.878815877127814e+01 -2.678417929691642e-03 5.629902538624629e-03
4.887935159141137e+01 -2.159307686606791e-03 5.746744166499842e-03
4.897054441154460e+01 -1.631797474336192e-03 5.814149512681679e-03
4.906173723167783e+01 -1.100383168928496e-03 5.832456919073116e-03
4.915293005181106e+01 -5.695115454273563e-04 5.802402948108129e-03
4.924412287194429e+01 -4.354454475096486e-05 5.725109121408763e-03
4.933531569207752e+01 4.732751150800442e-04 5.602065726833447e-03
4.942650851221075e+01 9.768567243687268e-04 5.435112880298846e-03
4.951770133234398e+01 1.463292522716947e-03 5.226419048071814e-03
4.960889415247721e+01 1.928886574005463e-03 4.978457252486188e-03
4.970008697261044e+01 2.370181374871841e-03 4.693979199132324e-03
4.979127979274367e+01 2.783982018490207e-03 4.375987576408092e-03
4.988247261287690e+01 3.167377758833690e-03 4.027706788842208e-03
4.997366543301013e+01 3.517760844829351e-03 3.652552393760760e-03

