# omega0=1, alpha=0.2
# theta0=0.8, theta_dot0=0
# t_start=0, t_end=100, h=0.00911928
#   t          theta(t)                 thetadot(t)       
0 8.000000000000000e-01 0.000000000000000e+00
9.119282013323059e-02 7.970366685981157e-01 -6.476213566179119e-02
1.823856402664613e-01 7.882352528682466e-01 -1.279804742787426e-01
2.735784603996920e-01 7.737522296381529e-01 -1.893119153914372e-01
3.647712805329227e-01 7.537751237529977e-01 -2.484180459315060e-01
4.559641006661534e-01 7.285222214632386e-01 -3.049622624369697e-01
5.471569207993838e-01 6.982424848860957e-01 -3.586082759998006e-01
6.383497409326140e-01 6.632155324542898e-01 -4.090201843177054e-01
7.295425610658441e-01 6.237515371283595e-01 -4.558642126907668e-01
8.207353811990743e-01 5.801908890729994e-01 -4.988121314695101e-01
9.119282013323045e-01 5.329034735396787e-01 -5.375462522052277e-01
1.003121021465535e+00 4.822874287027908e-01 -5.717657924123849e-01
1.094313841598765e+00 4.287672725115714e-01 -6.011942865290673e-01
1.185506661731995e+00 3.727913218050057e-01 -6.255876183945394e-01
1.276699481865225e+00 3.148283695399882e-01 -6.447421702668453e-01
1.367892301998455e+00 2.553636344446770e-01 -6.585025371145787e-01
1.459085122131685e+00 1.948940481495137e-01 -6.667682525898814e-01
1.550277942264916e+00 1.339229935615698e-01 -6.694990203517103e-01
1.641470762398146e+00 7.295465038169086e-02 -6.667180407985366e-01
1.732663582531376e+00 1.248813502017142e-02 -6.585131614610870e-01
1.823856402664606e+00 -4.698836048629199e-02 -6.450357456319862e-01
1.915049222797836e+00 -1.050032243778675e-01 -6.264973301086902e-01
2.006242042931067e+00 -1.611066839180788e-01 -6.031643093737548e-01
2.097434863064297e+00 -2.148755032298376e-01 -5.753510218544159e-01
2.188627683197527e+00 -2.659169954728911e-01 -5.434117102364852e-01
2.279820503330757e+00 -3.138722701787021e-01 -5.077318746451701e-01
2.371013323463987e+00 -3.584186840909623e-01 -4.687195343009350e-01
2.462206143597217e+00 -3.992715090155516e-01 -4.267968657409394e-01
2.553398963730448e+00 -4.361848693652513e-01 -3.823926041805132e-01
2.644591783863678e+00 -4.689520327610631e-01 -3.359354917737559e-01
2.735784603996908e+00 -4.974051578751720e-01 -2.878489453106725e-01
2.826977424130138e+00 -5.214146144371263e-01 -2.385470075802801e-01
2.918170244263368e+00 -5.408879916571019e-01 -1.884315498710764e-01
3.009363064396598e+00 -5.557689045774939e-01 -1.378906134092719e-01
3.100555884529828e+00 -5.660356947442025e-01 -8.729771755897923e-02
3.191748704663059e+00 -5.717001039140719e-01 -3.701192256689684e-02
3.282941524796289e+00 -5.728059790491331e-01 1.262158685930052e-02
3.374134344929519e+00 -5.694280451836675e-01 6.127063606548414e-02
3.465327165062749e+00 -5.616707612553297e-01 1.086151434646155e-01
3.556519985195979e+00 -5.496672538080376e-01 1.543463625905209e-01
3.647712805329209e+00 -5.335783055407667e-01 1.981664645587344e-01
3.738905625462440e+00 -5.135913607634678e-01 2.397886054790804e-01
3.830098445595670e+00 -4.899194985606601e-01 2.789375803145878e-01
3.921291265728900e+00 -4.628003173597627e-01 3.153511168031722e-01
4.012484085862130e+00 -4.324946720235716e-01 3.487818119806844e-01
4.103676905995361e+00 -3.992852067359022e-01 3.789996616349172e-01
4.194869726128591e+00 -3.634746338141311e-01 4.057950823048480e-01
4.286062546261821e+00 -3.253837198855809e-01 4.289822793743477e-01
4.377255366395051e+00 -2.853489560242972e-01 4.484027768935084e-01
4.468448186528281e+00 -2.437199065566923e-01 4.639288984857999e-01
4.559641006661511e+00 -2.008562511040077e-01 4.754669770843011e-01
4.650833826794742e+00 -1.571245545975463e-01 4.829600763203611e-01
4.742026646927972e+00 -1.128948189171294e-01 4.863900287591974e-01
4.833219467061202e+00 -6.853688592566792e-02 4.857786346985225e-01
4.924412287194432e+00 -2.441677365082806e-02 4.811879169860698e-01
5.015605107327662e+00 1.910696581223561e-02 4.727193877745943e-01
5.106797927460892e+00 6.168677698275982e-02 4.605123467567028e-01
5.197990747594122e+00 1.029894351662826e-01 4.447412912672655e-01
5.289183567727353e+00 1.426991088294079e-01 4.256125711534243e-01
5.380376387860583e+00 1.805200889310205e-01 4.033604610200033e-01
5.471569207993813e+00 2.161791409254473e-01 3.782428464868017e-01
5.562762028127043e+00 2.494274535450642e-01 3.505367284142506e-01
5.653954848260273e+00 2.800421767907499e-01 3.205337404426747e-01
5.745147668393503e+00 3.078275584502891e-01 2.885358529439153e-01
5.836340488526734e+00 3.326157028308288e-01 2.548514039573797e-01
5.927533308659964e+00 3.542669864693477e-01 2.197915587585628e-01
6.018726128793194e+00 3.726701729709871e-01 1.836672582902265e-01
6.109918948926424e+00 3.877422727560188e-01 1.467866762884462e-01
6.201111769059654e+00 3.994281936008901e-01 1.094531684086221e-01
6.292304589192884e+00 4.077002248903042e-01 7.196366606012902e-02
6.383497409326115e+00 4.125573930599997e-01 3.460744425844883e-02
6.474690229459345e+00 4.140247184904746e-01 -2.334822840298170e-03
6.565883049592575e+00 4.121523958209071e-01 -3.859181295595247e-02
6.657075869725805e+00 4.070149109793001e-01 -7.390220806972536e-02
6.748268689859035e+00 3.987100998053859e-01 -1.080153369850098e-01
6.839461509992265e+00 3.873581455383066e-01 -1.406918851706288e-01
6.930654330125495e+00 3.731005061240267e-01 -1.717047326377145e-01
7.021847150258726e+00 3.560987576416770e-01 -2.008399607177163e-01
7.113039970391956e+00 3.365333374204650e-01 -2.278980464147736e-01
7.204232790525186e+00 3.146021697712673e-01 -2.526952398059461e-01
7.295425610658416e+00 2.905191587186940e-01 -2.750650971402397e-01
7.386618430791646e+00 2.645125355909367e-01 -2.948601212697292e-01
7.477811250924876e+00 2.368230545767351e-01 -3.119534432437288e-01
7.569004071058107e+00 2.077020360375692e-01 -3.262404656101990e-01
7.660196891191337e+00 1.774092650057188e-01 -3.376403802723102e-01
7.751389711324567e+00 1.462107603590840e-01 -3.460974723691953e-01
7.842582531457797e+00 1.143764380494172e-01 -3.515821268577896e-01
7.933775351591027e+00 8.217769887898828e-02 -3.540914660048431e-01
8.024968171724257e+00 4.988497712795090e-02 -3.536495630404203e-01
8.116160991857488e+00 1.776529038504125e-02 -3.503071984561772e-01
8.207353811990718e+00 -1.392016707864254e-02 -3.441411491393545e-01
8.298546632123948e+00 -4.491834526742227e-02 -3.352530247765375e-01
8.389739452257178e+00 -7.498653399954158e-02 -3.237676887743458e-01
8.480932272390408e+00 -1.038943975962819e-01 -3.098313205424639e-01
8.572125092523638e+00 -1.314258191971390e-01 -2.936091909444424e-01
8.663317912656868e+00 -1.573805321973736e-01 -2.752832321126265e-01
8.754510732790099e+00 -1.815755239112266e-01 -2.550494862720055e-01
8.845703552923329e+00 -2.038462042194109e-01 -2.331155159026333e-01
8.936896373056559e+00 -2.240473391644986e-01 -2.096978501546186e-01
9.028089193189789e+00 -2.420537557921546e-01 -1.850195309458206e-01
9.119282013323019e+00 -2.577608296851668e-01 -1.593078078813717e-01
9.210474833456249e+00 -2.710847704061174e-01 -1.327920153815554e-01
9.301667653589480e+00 -2.819627223801188e-01 -1.057016494907492e-01
9.392860473722710e+00 -2.903526996505998e-01 -7.826464691806033e-02
9.484053293855940e+00 -2.962333725636401e-01 -5.070585586647898e-02
9.575246113989170e+00 -2.996037229888422e-01 -2.324567782648253e-02
9.666438934122400e+00 -3.004825824268401e-01 3.901147832381073e-03
9.757631754255630e+00 -2.989080645723532e-01 3.052664876163132e-02
9.848824574388860e+00 -2.949369008906246e-01 5.643064725638552e-02
9.940017394522091e+00 -2.886436848055162e-01 8.142174181085915e-02
1.003121021465532e+01 -2.801200274435826e-01 1.053182692075158e-01
1.012240303478855e+01 -2.694736257447590e-01 1.279492670299433e-01
1.021359585492178e+01 -2.568272423026887e-01 1.491554482555591e-01
1.030478867505501e+01 -2.423175956463776e-01 1.687901904644973e-01
1.039598149518824e+01 -2.260941598701831e-01 1.867205328650574e-01
1.048717431532147e+01 -2.083178735501166e-01 2.028281654549969e-01
1.057836713545470e+01 -1.891597596800919e-01 2.170103868504567e-01
1.066955995558793e+01 -1.687994607957020e-01 2.291810011898761e-01
1.076075277572116e+01 -1.474236963516934e-01 2.392711205206444e-01
1.085194559585439e+01 -1.252246525730357e-01 2.472298375192893e-01
1.094313841598762e+01 -1.023983181776397e-01 2.530247344257412e-01
1.103433123612085e+01 -7.914278233615951e-02 2.566421976403616e-01
1.112552405625408e+01 -5.565651376911660e-02 2.580875132951552e-01
1.121671687638731e+01 -3.213664179262931e-02 2.573847268433414e-01
1.130790969652054e+01 -8.777261265934949e-03 2.545762587418906e-01
1.139910251665377e+01 1.423221632161175e-02 2.497222779583850e-01
1.149029533678700e+01 3.670864398406363e-02 2.428998446060131e-01
1.158148815692023e+01 5.847663239339936e-02 2.342018418127731e-01
1.167268097705346e+01 7.936993704029334e-02 2.237357243627103e-01
1.176387379718669e+01 9.923272416816381e-02 2.116221172440260e-01
1.185506661731992e+01 1.179207034441960e-01 1.979933007078181e-01
1.194625943745315e+01 1.353021187422472e-01 1.829916196753498e-01
1.203745225758638e+01 1.512585918366393e-01 1.667678544073393e-01
1.212864507771961e+01 1.656858170557312e-01 1.494795865039237e-01
1.221983789785284e+01 1.784941078605548e-01 1.312895899041799e-01
1.231103071798607e+01 1.896087987749719e-01 1.123642710497605e-01
1.240222353811930e+01 1.989705080212295e-01 9.287217625841571e-02
1.249341635825254e+01 2.065352675748228e-01 7.298257810686044e-02
1.258460917838577e+01 2.122745281543817e-01 5.286414669563471e-02
1.267580199851900e+01 2.161750469528877e-01 3.268370644001779e-02
1.276699481865223e+01 2.182386657735875e-01 1.260507479211694e-02
1.285818763878546e+01 2.184819867573429e-01 -7.212023755902909e-03
1.294938045891869e+01 2.169359521908745e-01 -2.661297681400289e-02
1.304057327905192e+01 2.136453340847108e-01 -4.544924530637830e-02
1.313176609918515e+01 2.086681384189280e-01 -6.357927498321568e-02
1.322295891931838e+01 2.020749282759886e-01 -8.086936473336354e-02
1.331415173945161e+01 1.939480695978770e-01 -9.719449565463274e-02
1.340534455958484e+01 1.843809030821257e-01 -1.124391217377097e-01
1.349653737971807e+01 1.734768458060573e-01 -1.264979196478404e-01
1.358773019985130e+01 1.613484265520276e-01 -1.392764917381016e-01
1.367892301998453e+01 1.481162594836414e-01 -1.506920133814405e-01
1.377011584011776e+01 1.339079617542852e-01 -1.606738132201531e-01
1.386130866025099e+01 1.188570217539682e-01 -1.691638732115281e-01
1.395250148038422e+01 1.031016259408791e-01 -1.761172345494126e-01
1.404369430051745e+01 8.678345347188476e-02 -1.815022957472781e-01
1.413488712065068e+01 7.004644904879549e-02 -1.853009903880156e-01
1.422607994078391e+01 5.303558544462076e-02 -1.875088342127214e-01
1.431727276091714e+01 3.589562798557089e-02 -1.881348341983354e-01
1.440846558105037e+01 1.876991377486838e-02 -1.872012558659344e-01
1.449965840118360e+01 1.799158608153164e-03 -1.847432490281064e-01
1.459085122131683e+01 -1.487969567485709e-02 -1.808083362618332e-01
1.468204404145006e+01 -3.113458122974747e-02 -1.754557723172842e-01
1.477323686158329e+01 -4.683934037842711e-02 -1.687557861968912e-01
1.486442968171652e+01 -6.187468786074512e-02 -1.607887205555022e-01
1.495562250184975e+01 -7.612909055618296e-02 -1.516440852273175e-01
1.504681532198298e+01 -8.949955766371728e-02 -1.414195429878266e-01
1.513800814211621e+01 -1.018923360053018e-01 -1.302198460848877e-01
1.522920096224944e+01 -1.132235067959376e-01 -1.181557416624925e-01
1.532039378238267e+01 -1.234194818287156e-01 -1.053428630501708e-01
1.541158660251590e+01 -1.324173984951904e-01 -9.190062214162856e-02
1.550277942264913e+01 -1.401654143530289e-01 -7.795111590947461e-02
1.559397224278236e+01 -1.466229030335174e-01 -6.361805768482440e-02
1.568516506291559e+01 -1.517605541377293e-01 -4.902574135682485e-02
1.577635788304882e+01 -1.555603804048528e-01 -3.429804428938302e-02
1.586755070318205e+01 -1.580156358668409e-01 -1.955747265734166e-02
1.595874352331528e+01 -1.591306489596004e-01 -4.924251185713684e-03
1.604993634344851e+01 -1.589205746804503e-01 9.484541990857858e-03
1.614112916358174e+01 -1.574110699077453e-01 2.355579540953513e-02
1.623232198371497e+01 -1.546378959760338e-01 3.718113965578938e-02
1.632351480384820e+01 -1.506464525716597e-01 5.025767823555068e-02
1.641470762398143e+01 -1.454912470170932e-01 6.268867361243086e-02
1.650590044411466e+01 -1.392353030778593e-01 7.438418726375792e-02
1.659709326424789e+01 -1.319495135747454e-01 8.526167161827186e-02
1.668828608438112e+01 -1.237119413266936e-01 9.524651068974613e-02
1.677947890451435e+01 -1.146070732862727e-01 1.042725052318673e-01
1.687067172464758e+01 -1.047250331493846e-01 1.122822974195963e-01
1.696186454478081e+01 -9.416075820407684e-02 1.192277295045841e-01
1.705305736491404e+01 -8.301314670260690e-02 1.250701306689559e-01
1.714425018504727e+01 -7.138418256345477e-02 1.297805264584128e-01
1.723544300518050e+01 -5.937804470018813e-02 1.333397657284562e-01
1.732663582531373e+01 -4.710020869621903e-02 1.357385609729969e-01
1.741782864544696e+01 -3.465654886536573e-02 1.369774391806512e-01
1.750902146558019e+01 -2.215244892957358e-02 1.370666019137950e-01
1.760021428571342e+01 -9.691929585995128e-03 1.360256950427676e-01
1.769140710584665e+01 2.623198886785616e-03 1.338834903938277e-01
1.778259992597988e+01 1.469415112267698e-02 1.306774833811765e-01
1.787379274611311e+01 2.642594085123539e-02 1.264534123903398e-01
1.796498556624634e+01 3.772810795498512e-02 1.212647071727531e-01
1.805617838637957e+01 4.851539230562582e-02 1.151718747266416e-01
1.814737120651280e+01 5.870834909977782e-02 1.082418320258092e-01
1.823856402664603e+01 6.823390129556565e-02 1.005471954884592e-01
1.832975684677927e+01 7.702582566394812e-02 9.216553725013846e-02
1.842094966691250e+01 8.502516988135637e-02 8.317861813919016e-02
1.851214248704573e+01 9.218059897384025e-02 7.367160679083261e-02
1.860333530717896e+01 9.844867025300272e-02 6.373229363410757e-02
1.869452812731219e+01 1.037940366416846e-01 5.345030761188613e-02
1.878572094744542e+01 1.081895789602282e-01 4.291634252013386e-02
1.887691376757865e+01 1.116164683263668e-01 3.222139885021465e-02
1.896810658771188e+01 1.140641603138307e-01 2.145604605286001e-02
1.905929940784511e+01 1.155303229226425e-01 1.070970927029095e-02
1.915049222797834e+01 1.160207007483533e-01 6.998384651281343e-05
1.924168504811157e+01 1.155489180118748e-01 -1.037801964734309e-02
1.933287786824480e+01 1.141362233416655e-01 -2.055229753368987e-02
1.942407068837803e+01 1.118111794017506e-01 -3.037454018241243e-02
1.951526350851126e+01 1.086093006473735e-01 -3.977068215716233e-02
1.960645632864449e+01 1.045726426778012e-01 -4.867141325982352e-02
1.969764914877772e+01 9.974934685268848e-02 -5.701264823846200e-02
1.978884196891095e+01 9.419314405042681e-02 -6.473595273992594e-02
1.988003478904418e+01 8.796282167598442e-02 -7.178892290602197e-02
1.997122760917741e+01 8.112165826965849e-02 -7.812551587597172e-02
2.006242042931064e+01 7.373683032088377e-02 -8.370632840707438e-02
2.015361324944387e+01 6.587879614344629e-02 -8.849882089209662e-02
2.024480606957710e+01 5.762066190834911e-02 -9.247748425812265e-02
2.033599888971033e+01 4.903753514483394e-02 -9.562394758853508e-02
2.042719170984356e+01 4.020587119487953e-02 -9.792702481682614e-02
2.051838452997679e+01 3.120281822865000e-02 -9.938269948593703e-02
2.060957735011002e+01 2.210556648623035e-02 -9.999404732727413e-02
2.070077017024325e+01 1.299070739539142e-02 -9.977109725837323e-02
2.079196299037648e+01 3.933608120040663e-03 -9.873063229016582e-02
2.088315581050971e+01 -4.992193083029017e-03 -9.689593273340533e-02
2.097434863064294e+01 -1.371556557921322e-02 -9.429646495815799e-02
2.106554145077617e+01 -2.216833435663439e-02 -9.096751975202726e-02
2.115673427090940e+01 -3.028579292691515e-02 -8.694980500878915e-02
2.124792709104263e+01 -3.800717719880657e-02 -8.228899803344339e-02
2.133911991117586e+01 -4.527609689899723e-02 -7.703526315510641e-02
2.143031273130909e+01 -5.204092164598473e-02 -7.124274058789762e-02
2.152150555144232e+01 -5.825511933001092e-02 -6.496901257361827e-02
2.161269837157555e+01 -6.387754500101324e-02 -5.827455278892477e-02
2.170389119170878e+01 -6.887267900488563e-02 -5.122216482157882e-02
2.179508401184201e+01 -7.321081362551921e-02 -4.387641523858143e-02
2.188627683197524e+01 -7.686818797786418e-02 -3.630306641052605e-02
2.197746965210847e+01 -7.982707134991621e-02 -2.856851384973798e-02
2.206866247224170e+01 -8.207579560595855e-02 -2.073923239245353e-02
2.215985529237493e+01 -8.360873763888596e-02 -1.288123513264698e-02
2.225104811250816e+01 -8.442625319742196e-02 -5.059548618262525e-03
2.234224093264139e+01 -8.453456371764097e-02 2.662292534552641e-03
2.243343375277462e+01 -8.394559806171924e-02 1.022272875710565e-02
2.252462657290785e+01 -8.267679131520367e-02 1.756263376954952e-02
2.261581939304108e+01 -8.075084302231568e-02 2.462574553828635e-02
2.270701221317431e+01 -7.819543745148816e-02 3.135906768782848e-02
2.279820503330754e+01 -7.504292868418766e-02 3.771323921898304e-02
2.288939785344077e+01 -7.132999351162379e-02 4.364287047844954e-02
2.298059067357400e+01 -6.709725530730527e-02 4.910684341417648e-02
2.307178349370723e+01 -6.238888221817016e-02 5.406857425258779e-02
2.316297631384046e+01 -5.725216318134680e-02 5.849623686342260e-02
2.325416913397369e+01 -5.173706542433077e-02 6.236294524843902e-02
2.334536195410692e+01 -4.589577723929938e-02 6.564689381126490e-02
2.343655477424015e+01 -3.978223993253246e-02 6.833145434279204e-02
2.352774759437338e+01 -3.345167293226949e-02 7.040522899077345e-02
2.361894041450661e+01 -2.696009608772256e-02 7.186205887020172e-02
2.371013323463984e+01 -2.036385320381186e-02 7.270098840485620e-02
2.380132605477307e+01 -1.371914082680846e-02 7.292618595863408e-02
2.389251887490630e+01 -7.081546222954748e-03 7.254682180360597e-02
2.398371169503953e+01 -5.055983741804605e-04 7.157690496399537e-02
2.407490451517276e+01 5.955664347349669e-03 7.003508095460023e-02
2.416609733530600e+01 1.225110636899285e-02 6.794439288211301e-02
2.425729015543923e+01 1.833188375881452e-02 6.533200878340388e-02
2.434848297557246e+01 2.415180678379688e-02 6.222891842357938e-02
2.443967579570569e+01 2.966767355797097e-02 5.866960305910835e-02
2.453086861583892e+01 3.483957248318449e-02 5.469168188168127e-02
2.462206143597215e+01 3.963115153083187e-02 5.033553899465489e-02
2.471325425610538e+01 4.400985276757034e-02 4.564393483749853e-02
2.480444707623861e+01 4.794711088540217e-02 4.066160596947530e-02
2.489563989637184e+01 5.141851485066991e-02 3.543485705948467e-02
2.498683271650507e+01 5.440393213243349e-02 3.001114881422376e-02
2.507802553663830e+01 5.688759530426533e-02 2.443868542249430e-02
2.516921835677153e+01 5.885815113161813e-02 1.876600491090074e-02
2.526041117690476e+01 6.030867255751948e-02 1.304157560627790e-02
2.535160399703799e+01 6.123663428130673e-02 7.313401692795724e-03
2.544279681717122e+01 6.164385288813813e-02 1.628640644999801e-03
2.553398963730445e+01 6.153639273146499e-02 -3.966764881812018e-03
2.562518245743768e+01 6.092443899733864e-02 -9.428438311656738e-03
2.571637527757091e+01 5.982213958941677e-02 -1.471390134312662e-02
2.580756809770414e+01 5.824741766792611e-02 -1.978288502999957e-02
2.589876091783737e+01 5.622175685558400e-02 -2.459761785373536e-02
2.598995373797060e+01 5.376996128923017e-02 -2.912308904575141e-02
2.608114655810383e+01 5.091989284790821e-02 -3.332728556868698e-02
2.617233937823706e+01 4.770218802612231e-02 -3.718140132253869e-02
2.626353219837029e+01 4.414995704424735e-02 -4.066001730885561e-02
2.635472501850352e+01 4.029846789540125e-02 -4.374125166874910e-02
2.644591783863675e+01 3.618481811793549e-02 -4.640687871183504e-02
2.653711065876998e+01 3.184759715324077e-02 -4.864241627548606e-02
2.662830347890321e+01 2.732654219786155e-02 -5.043718099736368e-02
2.671949629903644e+01 2.266219048506670e-02 -5.178431134780778e-02
2.681068911916967e+01 1.789553093233406e-02 -5.268075854925144e-02
2.690188193930290e+01 1.306765806632396e-02 -5.312724580283047e-02
2.699307475943613e+01 8.219431084966235e-03 -5.312819654192957e-02
2.708426757956936e+01 3.391140836969372e-03 -5.269163273181850e-02
2.717546039970259e+01 -1.377812607278378e-03 -5.182904452656738e-02
2.726665321983582e+01 -6.049229251804748e-03 -5.055523287185332e-02
2.735784603996905e+01 -1.058640295326328e-02 -4.888812689823858e-02
2.744903886010228e+01 -1.495439747523418e-02 -4.684857817797809e-02
2.754023168023551e+01 -1.912030281084297e-02 -4.446013411448470e-02
2.763142450036874e+01 -2.305346998043556e-02 -4.174879289368921e-02
2.772261732050197e+01 -2.672572273843727e-02 -3.874274254862254e-02
2.781381014063520e+01 -3.011154486028669e-02 -3.547208677208828e-02
2.790500296076843e+01 -3.318824192298883e-02 -3.196856015821044e-02
2.799619578090166e+01 -3.593607673803788e-02 -2.826523556415007e-02
2.808738860103489e+01 -3.833837784012970e-02 -2.439622626165708e-02
2.817858142116812e+01 -4.038162067646864e-02 -2.039638549840098e-02
2.826977424130135e+01 -4.205548137721109e-02 -1.630100601569246e-02
2.836096706143458e+01 -4.335286321573881e-02 -1.214552197688848e-02
2.845215988156781e+01 -4.426989608649066e-02 -7.965215653909884e-03
2.854335270170104e+01 -4.480590953686368e-02 -3.794931101909855e-03
2.863454552183427e+01 -4.496338008742226e-02 3.312030724138561e-04
2.872573834196750e+01 -4.474785376080070e-02 4.380039872472164e-03
2.881693116210073e+01 -4.416784491391854e-02 8.319667158922048e-03
2.890812398223396e+01 -4.323471263024371e-02 1.211964627161684e-02
2.899931680236719e+01 -4.196251607867214e-02 1.575123445127552e-02
2.909050962250042e+01 -4.036785038296408e-02 1.918758962363518e-02
2.918170244263365e+01 -3.846966467033809e-02 2.240395624998043e-02
2.927289526276688e+01 -3.628906407941614e-02 2.537783109361124e-02
2.936408808290011e+01 -3.384909760576546e-02 2.808910790335275e-02
2.945528090303334e+01 -3.117453374719988e-02 3.052020017381948e-02
2.954647372316657e+01 -2.829162598010095e-02 3.265614130869157e-02
2.963766654329980e+01 -2.522787015154902e-02 3.448466168812730e-02
2.972885936343303e+01 -2.201175590926473e-02 3.599624232442077e-02
2.982005218356626e+01 -1.867251431154384e-02 3.718414498025684e-02
2.991124500369950e+01 -1.523986376192715e-02 3.804441881989908e-02
3.000243782383273e+01 -1.174375639785031e-02 3.857588386323332e-02
3.009363064396596e+01 -8.214127028755994e-03 3.878009171311171e-02
3.018482346409919e+01 -4.680646667175470e-03 3.866126422483804e-02
3.027601628423242e+01 -1.172482626440580e-03 3.822621097959045e-02
3.036720910436565e+01 2.281932928378300e-03 3.748422660771687e-02
3.045840192449888e+01 5.655124193042873e-03 3.644696917988458e-02
3.054959474463211e+01 8.920781035313465e-03 3.512832104101413e-02
3.064078756476534e+01 1.205395487167557e-02 3.354423360119325e-02
3.073198038489857e+01 1.503123972028065e-02 3.171255771729236e-02
3.082317320503180e+01 1.783093719438791e-02 2.965286139734470e-02
3.091436602516503e+01 2.043320436219608e-02 2.738623663611631e-02
3.100555884529826e+01 2.282018356650931e-02 2.493509724452413e-02
3.109675166543149e+01 2.497611346918906e-02 2.232296956812176e-02
3.118794448556472e+01 2.688742075886782e-02 1.957427800174926e-02
3.127913730569795e+01 2.854279213411741e-02 1.671412720005613e-02
3.137033012583118e+01 2.993322634649444e-02 1.376808285868828e-02
3.146152294596441e+01 3.105206625711611e-02 1.076195290040031e-02
3.155271576609764e+01 3.189501102531737e-02 7.721570846199134e-03
3.164390858623087e+01 3.246010870735336e-02 4.672583085775517e-03
3.173510140636410e+01 3.274772969605284e-02 1.640241685718925e-03
3.182629422649733e+01 3.276052157797083e-02 -1.350795710101289e-03
3.191748704663056e+01 3.250334612222906e-02 -4.276657424784318e-03
3.200867986676379e+01 3.198319924427519e-02 -7.114439371323112e-03
3.209987268689702e+01 3.120911490771719e-02 -9.842375490871020e-03
3.219106550703025e+01 3.019205403772851e-02 -1.243999585054692e-02
3.228225832716348e+01 2.894477961984064e-02 -1.488827135717612e-02
3.237345114729671e+01 2.748171924781850e-02 -1.716974416012181e-02
3.246464396742994e+01 2.581881646334118e-02 -1.926864293762916e-02
3.255583678756317e+01 2.397337229797438e-02 -2.117098238681595e-02
3.264702960769640e+01 2.196387848402403e-02 -2.286464636744856e-02
3.273822242782963e+01 1.980984384492293e-02 -2.433945428363190e-02
3.282941524796286e+01 1.753161540748293e-02 -2.558721042501017e-02
3.292060806809609e+01 1.515019579735788e-02 -2.660173612927888e-02
3.301180088822932e+01 1.268705848520181e-02 -2.737888476976294e-02
3.310299370836255e+01 1.016396244416677e-02 -2.791653971429696e-02
3.319418652849578e+01 7.602767759580481e-03 -2.821459554322583e-02
3.328537934862901e+01 5.025253699029900e-03 -2.827492295343235e-02
3.337657216876224e+01 2.452940705956627e-03 -2.810131791020161e-02
3.346776498889547e+01 -9.308227729591174e-05 -2.769943573771478e-02
3.355895780902870e+01 -2.592323819636673e-03 -2.707671096033193e-02
3.365015062916194e+01 -5.025048086488559e-03 -2.624226381897761e-02
3.374134344929517e+01 -7.372423831068589e-03 -2.520679448845952e-02
3.383253626942840e+01 -9.616663220329001e-03 -2.398246611122268e-02
3.392372908956163e+01 -1.174114952953315e-02 -2.258277783992646e-02
3.401492190969486e+01 -1.373055285117404e-02 -2.102242914467595e-02
3.410611472982809e+01 -1.557093308083520e-02 -1.931717669038462e-02
3.419730754996132e+01 -1.724982956338030e-02 -1.748368512552787e-02
3.428850037009455e+01 -1.875633690628238e-02 -1.553937314567326e-02
3.437969319022778e+01 -2.008116659173923e-02 -1.350225620408511e-02
3.447088601036101e+01 -2.121669414429073e-02 -1.139078723804000e-02
3.456207883049424e+01 -2.215699173484599e-02 -9.223696764039909e-03
3.465327165062747e+01 -2.289784622430645e-02 -7.019833668754995e-03
3.474446447076070e+01 -2.343676276938447e-02 -4.798007986199074e-03
3.483565729089393e+01 -2.377295422889824e-02 -2.576836906270712e-03
3.492685011102716e+01 -2.390731671998941e-02 -3.745952062819498e-04
3.501804293116039e+01 -2.384239177965704e-02 1.790928763718058e-03
3.510923575129362e+01 -2.358231568709850e-02 3.902570478377860e-03
3.520042857142685e+01 -2.313275659602957e-02 5.943919027026442e-03
3.529162139156008e+01 -2.250084021291426e-02 7.899438384518030e-03
3.538281421169331e+01 -2.169506483640954e-02 9.754579334551939e-03
3.547400703182654e+01 -2.072520664491052e-02 1.149588130469128e-02
3.556519985195977e+01 -1.960221618249039e-02 1.311106346379474e-02
3.565639267209300e+01 -1.833810704843598e-02 1.458910452751479e-02
3.574758549222623e+01 -1.694583784168724e-02 1.592031081544980e-02
3.583877831235946e+01 -1.543918844854855e-02 1.709637220396485e-02
3.592997113249269e+01 -1.383263178984835e-02 1.811040572104754e-02
3.602116395262592e+01 -1.214120216213511e-02 1.895698663319281e-02
3.611235677275915e+01 -1.038036131642867e-02 1.963216697847954e-02
3.620354959289238e+01 -8.565863417483275e-03 2.013348160389333e-02
3.629474241302561e+01 -6.713620016528509e-03 2.045994186767175e-02
3.638593523315884e+01 -4.839566151185814e-03 2.061201726804947e-02
3.647712805329207e+01 -2.959528657949473e-03 2.059160535727539e-02
3.656832087342530e+01 -1.089097745601403e-03 2.040199039316715e-02
3.665951369355853e+01 7.564971673836467e-04 2.004779126878612e-02
3.675070651369176e+01 2.562506401485364e-03 1.953489934313296e-02
3.684189933382499e+01 4.314772861180784e-03 1.887040687123439e-02
3.693309215395822e+01 5.999837953567642e-03 1.806252679987191e-02
3.702428497409145e+01 7.605039830414731e-03 1.712050475487275e-02
3.711547779422468e+01 9.118603281195747e-03 1.605452409686139e-02
3.720667061435791e+01 1.052972068661224e-02 1.487560496432025e-02
3.729786343449114e+01 1.182862352746678e-02 1.359549825554442e-02
3.738905625462437e+01 1.300664403166572e-02 1.222657552455502e-02
3.748024907475760e+01 1.405626663177182e-02 1.078171578034822e-02
3.757144189489083e+01 1.497116899606197e-02 9.274190184215112e-03
3.766263471502406e+01 1.574625248667257e-02 7.717545636579097e-03
3.775382753515729e+01 1.637766198836280e-02 6.125488233258188e-03
3.784502035529052e+01 1.686279513996218e-02 4.511767551718835e-03
3.793621317542375e+01 1.720030108700395e-02 2.890062701241294e-03
3.802740599555698e+01 1.739006895773789e-02 1.273871037478080e-03
3.811859881569021e+01 1.743320634506855e-02 -3.235995978192432e-04
3.820979163582344e+01 1.733200815343068e-02 -1.889534296584576e-03
3.830098445595667e+01 1.708991624169153e-02 -3.411609399108239e-03
3.839217727608990e+01 1.671147036040381e-02 -4.878084994412096e-03
3.848337009622313e+01 1.620225094371395e-02 -6.277890956857752e-03
3.857456291635636e+01 1.556881437258843e-02 -7.600705933028979e-03
3.866575573648959e+01 1.481862137643147e-02 -8.837028759781181e-03
3.875694855662282e+01 1.395995928434711e-02 -9.978241864078429e-03
3.884814137675605e+01 1.300185887500643e-02 -1.101666626736948e-02
3.893933419688928e+01 1.195400660511941e-02 -1.194560789129920e-02
3.903052701702251e+01 1.082665302072946e-02 -1.275939493699829e-02
3.912171983715574e+01 9.630518172843548e-03 -1.345340618650365e-02
3.921291265728897e+01 8.376694869228802e-03 -1.402409015146602e-02
3.930410547742220e+01 7.076550597547978e-03 -1.446897507060665e-02
3.939529829755543e+01 5.741628951425905e-03 -1.478666983277302e-02
3.948649111768867e+01 4.383551380650063e-03 -1.497685597628133e-02
3.957768393782190e+01 3.013920069680761e-03 -1.504027098688131e-02
3.966887675795513e+01 1.644222725209070e-03 -1.497868318550169e-02
3.976006957808836e+01 2.857400239396215e-04 -1.479485856231461e-02
3.985126239822159e+01 -1.050543563568531e-03 -1.449251997500838e-02
3.994245521835482e+01 -2.354024897903837e-03 -1.407629918593521e-02
4.003364803848805e+01 -3.614562615232216e-03 -1.355168226451674e-02
4.012484085862128e+01 -4.822552311893757e-03 -1.292494892752093e-02
4.021603367875451e+01 -5.968995944010471e-03 -1.220310643021968e-02
4.030722649888774e+01 -7.045564974462141e-03 -1.139381865572519e-02
4.039841931902097e+01 -8.044656859940989e-03 -1.050533107779515e-02
4.048961213915420e+01 -8.959444533410615e-03 -9.546392293982924e-03
4.058080495928743e+01 -9.783918601584401e-03 -8.526172841159252e-03
4.067199777942066e+01 -1.051292204241790e-02 -7.454182014190586e-03
4.076319059955389e+01 -1.114217725350034e-02 -6.340183411037969e-03
4.085438341968712e+01 -1.166830536806687e-02 -5.194109923909679e-03
4.094557623982035e+01 -1.208883782058855e-02 -4.025978886583342e-03
4.103676905995358e+01 -1.240222020800561e-02 -2.845808072872557e-03
4.112796188008681e+01 -1.260780855515248e-02 -1.663533220746700e-03
4.121915470022004e+01 -1.270585815330881e-02 -4.889277311438511e-04
4.131034752035327e+01 -1.269750519865889e-02 6.684748396121463e-04
4.140154034048650e+01 -1.258474151234325e-02 1.799454909312674e-03
4.149273316061973e+01 -1.237038267536546e-02 2.895177075177206e-03
4.158392598075296e+01 -1.205802995953164e-02 3.947255890808951e-03
4.167511880088619e+01 -1.165202647954177e-02 4.947816755747437e-03
4.176631162101942e+01 -1.115740803104871e-02 5.889551506496492e-03
4.185750444115265e+01 -1.057984911471344e-02 6.765768348239619e-03
4.194869726128588e+01 -9.925604676813788e-03 7.570435818798104e-03
4.203989008141911e+01 -9.201448122642432e-03 8.298220530332323e-03
4.213108290155234e+01 -8.414606179632370e-03 8.944518489415874e-03
4.222227572168557e+01 -7.572691202785084e-03 9.505479851998086e-03
4.231346854181880e+01 -6.683631525499258e-03 9.978027025976593e-03
4.240466136195203e+01 -5.755600464297332e-03 1.035986609018427e-02
4.249585418208526e+01 -4.796944586254849e-03 1.064949155410469e-02
4.258704700221849e+01 -3.816111843226382e-03 1.084618453711822e-02
4.267823982235172e+01 -2.821580167345270e-03 1.095000449909985e-02
4.276943264248495e+01 -1.821787107906593e-03 1.096177470530361e-02
4.286062546261818e+01 -8.250610708167845e-04 1.088306165725364e-02
4.295181828275141e+01 1.604453014602160e-04 1.071614876741941e-02
4.304301110288464e+01 1.126819098845117e-03 1.046400459840707e-02
4.313420392301787e+01 2.066447981936075e-03 1.013024602691171e-02
4.322539674315110e+01 2.972077444626640e-03 9.719096728444628e-03
4.331658956328433e+01 3.836864093616741e-03 9.235341410616186e-03
4.340778238341756e+01 4.654424577684096e-03 8.684276250307169e-03
4.349897520355079e+01 5.418879842196957e-03 8.071656013234587e-03
4.359016802368402e+01 6.124894428871546e-03 7.403638353097235e-03
4.368136084381725e+01 6.767710586795885e-03 6.686725801606047e-03
4.377255366395048e+01 7.343177007838895e-03 5.927705970245944e-03
4.386374648408371e+01 7.847772047323018e-03 5.133590489606654e-03
4.395493930421694e+01 8.278621338848184e-03 4.311553212629133e-03
4.404613212435017e+01 8.633509760010469e-03 3.468868204249599e-03
4.413732494448340e+01 8.910887753067793e-03 2.612848031827213e-03
4.422851776461663e+01 9.109872050989282e-03 1.750782858587140e-03
4.431971058474986e+01 9.230240904423152e-03 8.898808262973443e-04
4.441090340488309e+01 9.272423948588383e-03 3.721019374716376e-05
4.450209622501632e+01 9.237486890617187e-03 -8.003563254503329e-04
4.459328904514955e+01 9.127111237150091e-03 -1.616194608394497e-03
4.468448186528278e+01 8.943569318739911e-03 -2.403979163485185e-03
4.477567468541601e+01 8.689694901605831e-03 -3.157729809411232e-03
4.486686750554924e+01 8.368849708272308e-03 -3.871854669813398e-03
4.495806032568247e+01 7.984886196434100e-03 -4.541189196809946e-03
4.504925314581570e+01 7.542106969841493e-03 -5.161030974165640e-03
4.514044596594893e+01 7.045221215959714e-03 -5.727170089839152e-03
4.523163878608216e+01 6.499298582514234e-03 -6.235914907636917e-03
4.532283160621540e+01 5.909720918709491e-03 -6.684113108405942e-03
4.541402442634863e+01 5.282132316852496e-03 -7.069167912282943e-03
4.550521724648186e+01 4.622387896305294e-03 -7.389049434650133e-03
4.559641006661509e+01 3.936501774142281e-03 -7.642301169296921e-03
4.568760288674832e+01 3.230594665640647e-03 -7.828041632522572e-03
4.577879570688155e+01 2.510841552855648e-03 -7.945961241214194e-03
4.586998852701478e+01 1.783419851126572e-03 -7.996314535982582e-03
4.596118134714801e+01 1.054458491552503e-03 -7.979907896932764e-03
4.605237416728124e+01 3.299883224238382e-04 -7.898082934299628e-03
4.614356698741447e+01 -3.841057855233995e-04 -7.752695768722680e-03
4.623475980754770e+01 -1.082130766144565e-03 -7.546092446121870e-03
4.632595262768093e+01 -1.758628776946789e-03 -7.281080759745606e-03
4.641714544781416e+01 -2.408417895915629e-03 -6.960898776798663e-03
4.650833826794739e+01 -3.026629809993593e-03 -6.589180388955539e-03
4.659953108808062e+01 -3.608744239096676e-03 -6.169918224889299e-03
4.669072390821385e+01 -4.150619871128010e-03 -5.707424278593913e-03
4.678191672834708e+01 -4.648521616300043e-03 -5.206288619678257e-03
4.687310954848031e+01 -5.099144022910013e-03 -4.671336560922838e-03
4.696430236861354e+01 -5.499630731227632e-03 -4.107584664207534e-03
4.705549518874677e+01 -5.847589877048888e-03 -3.520195968461557e-03
4.714668800888000e+01 -6.141105391449255e-03 -2.914434822605195e-03
4.723788082901323e+01 -6.378744178042674e-03 -2.295621702622670e-03
4.732907364914646e+01 -6.559559183336503e-03 -1.669088385027410e-03
4.742026646927969e+01 -6.683088409294922e-03 -1.040133839177674e-03
4.751145928941292e+01 -6.749349949723568e-03 -4.139811883150436e-04
4.760265210954615e+01 -6.758833163319922e-03 2.042639260085608e-04
4.769384492967938e+01 -6.712486125966060e-03 8.096532591009541e-04
4.778503774981261e+01 -6.611699532858680e-03 1.397433860787281e-03
4.787623056994584e+01 -6.458287247179226e-03 1.963083680400728e-03
4.796742339007907e+01 -6.254463716027335e-03 2.502344627743631e-03
4.805861621021230e+01 -6.002818496116366e-03 3.011252864061481e-03
4.814980903034553e+01 -5.706288151123604e-03 3.486166123860550e-03
4.824100185047876e+01 -5.368125799484636e-03 3.923787896334042e-03
4.833219467061199e+01 -4.991868605727847e-03 4.321188324000203e-03
4.842338749074522e+01 -4.581303520089582e-03 4.675821705653211e-03
4.851458031087845e+01 -4.140431580084604e-03 4.985540520636872e-03
4.860577313101168e+01 -3.673431093903580e-03 5.248605921524251e-03
4.869696595114491e+01 -3.184620028966012e-03 5.463694672277180e-03
4.878815877127814e+01 -2.678417929691642e-03 5.629902538624629e-03
4.887935159141137e+01 -2.159307686606791e-03 5.746744166499842e-03
4.897054441154460e+01 -1.631797474336192e-03 5.814149512681679e-03
4.906173723167783e+01 -1.100383168928496e-03 5.832456919073116e-03
4.915293005181106e+01 -5.695115454273563e-04 5.802402948108129e-03
4.924412287194429e+01 -4.354454475096486e-05 5.725109121408763e-03
4.933531569207752e+01 4.732751150800442e-04 5.602065726833447e-03
4.942650851221075e+01 9.768567243687268e-04 5.435112880298846e-03
4.951770133234398e+01 1.463292522716947e-03 5.226419048071814e-03
4.960889415247721e+01 1.928886574005463e-03 4.978457252486188e-03
4.970008697261044e+01 2.370181374871841e-03 4.693979199132324e-03
4.979127979274367e+01 2.783982018490207e-03 4.375987576408092e-03
4.988247261287690e+01 3.167377758833690e-03 4.027706788842208e-03
4.997366543301013e+01 3.517760844829351e-03 3.652552393760760e-03
5.006485825314336e+01 3.832842518679739e-03 3.254099516642505e-03
5.015605107327659e+01 4.110666097907435e-03 2.836050523897237e-03
5.024724389340982e+01 4.349617086161863e-03 2.402202232823169e-03
5.033843671354305e+01 4.548430283297426e-03 1.956412937193045e-03
5.042962953367628e+01 4.706193890478437e-03 1.502569523342040e-03
5.052082235380951e+01 4.822350630886049e-03 1.044554945858535e-03
5.061201517394274e+01 4.896695930798885e-03 5.862163241028882e-04
5.070320799407597e+01 4.929373229205484e-03 1.313339109054797e-04
5.079440081420920e+01 4.920866506506073e-03 -3.164088269566547e-04
5.088559363434243e+01 4.871990144108159e-03 -7.534537904033619e-04
5.097678645447566e+01 4.783876246662298e-03 -1.176395280815274e-03
5.106797927460889e+01 4.657959577181785e-03 -1.582005289470624e-03
5.115917209474213e+01 4.495960272217791e-03 -1.967256867050164e-03
5.125036491487536e+01 4.299864519509772e-03 -2.329345415570753e-03
5.134155773500859e+01 4.071903394004938e-03 -2.665707765022919e-03
5.143275055514182e+01 3.814530059762192e-03 -2.974038917674131e-03
5.152394337527505e+01 3.530395554962451e-03 -3.252306364276830e-03
5.161513619540828e+01 3.222323384993754e-03 -3.498761898105600e-03
5.170632901554151e+01 2.893283154336599e-03 -3.711950874658225e-03
5.179752183567474e+01 2.546363471730792e-03 -3.890718886808108e-03
5.188871465580797e+01 2.184744364863777e-03 -4.034215847010694e-03
5.197990747594120e+01 1.811669440602846e-03 -4.141897489667179e-03
5.207110029607443e+01 1.430418024636142e-03 -4.213524327763605e-03
5.216229311620766e+01 1.044277510341980e-03 -4.249158118266826e-03
5.225348593634089e+01 6.565161408393824e-04 -4.249155910313350e-03
5.234467875647412e+01 2.703564405653560e-04 -4.214161768824236e-03
5.243587157660735e+01 -1.110504965298508e-04 -4.145096283680590e-03
5.252706439674058e+01 -4.846496658737470e-04 -4.043143990873077e-03
5.261825721687381e+01 -8.475055741729609e-04 -3.909738846980756e-03
5.270945003700704e+01 -1.196824253766658e-03 -3.746547911838385e-03
5.280064285714027e+01 -1.529973713553827e-03 -3.555453406230130e-03
5.289183567727350e+01 -1.844502686316398e-03 -3.338533321828980e-03
5.298302849740673e+01 -2.138157548831944e-03 -3.098040769327781e-03
5.307422131753996e+01 -2.408897308460205e-03 -2.836382257737653e-03
5.316541413767319e+01 -2.654906567740786e-03 -2.556095103135708e-03
5.325660695780642e+01 -2.874606396797272e-03 -2.259824168715157e-03
5.334779977793965e+01 -3.066663061847565e-03 -1.950298139830072e-03
5.343899259807288e+01 -3.229994576714129e-03 -1.630305537852387e-03
5.353018541820611e+01 -3.363775062756170e-03 -1.302670675101727e-03
5.362137823833934e+01 -3.467436920957113e-03 -9.702297499145487e-04
5.371257105847257e+01 -3.540670837848224e-03 -6.358072761453513e-04
5.380376387860580e+01 -3.583423664392054e-03 -3.021930351088519e-04
5.389495669873903e+01 -3.595894223753165e-03 2.788026974197149e-05
5.398614951887226e+01 -3.578527119922289e-03 3.517584841609014e-04
5.407734233900549e+01 -3.532004634315597e-03 6.668864395302143e-04
5.416853515913872e+01 -3.457236811635006e-03 9.708272048412035e-04
5.425972797927195e+01 -3.355349849350160e-03 1.261280017163661e-03
5.435092079940518e+01 -3.227672917060228e-03 1.536096766882152e-03
5.444211361953841e+01 -3.075723542637741e-03 1.793296928099064e-03
5.453330643967164e+01 -2.901191711382471e-03 2.031080839372123e-03
5.462449925980487e+01 -2.705922832367996e-03 2.247841255235218e-03
5.471569207993810e+01 -2.491899732706413e-03 2.442173104612454e-03
5.480688490007133e+01 -2.261223845559033e-03 2.612881408141335e-03
5.489807772020456e+01 -2.016095761366726e-03 2.758987322437781e-03
5.498927054033779e+01 -1.758795313958868e-03 2.879732295329868e-03
5.508046336047102e+01 -1.491661373932456e-03 2.974580331927893e-03
5.517165618060425e+01 -1.217071520993051e-03 3.043218386958161e-03
5.526284900073748e+01 -9.374217648476737e-04 3.085554913943249e-03
5.535404182087071e+01 -6.551064807793276e-04 3.101716616444635e-03
5.544523464100394e+01 -3.724987212658569e-04 3.092043460582610e-03
5.553642746113717e+01 -9.193105899529325e-05 3.057082021308601e-03
5.562762028127040e+01 1.843228905525895e-04 2.997577247329694e-03
5.571881310140363e+01 4.540661270627794e-04 2.914462741085955e-03
5.581000592153686e+01 7.151949732614656e-04 2.808849660679277e-03
5.590119874167009e+01 9.657147122808766e-04 2.682014360078728e-03
5.599239156180332e+01 1.203754045076019e-03 2.535384892222860e-03
5.608358438193655e+01 1.427578270154913e-03 2.370526506755977e-03
5.617477720206978e+01 1.635601100175766e-03 2.189126280035276e-03
5.626597002220301e+01 1.826395042737892e-03 1.992977019702724e-03
5.635716284233624e+01 1.998700285833894e-03 1.783960589513716e-03
5.644835566246947e+01 2.151432041823632e-03 1.564030802249279e-03
5.653954848260270e+01 2.283686317320751e-03 1.335196029415666e-03
5.663074130273593e+01 2.394744089935970e-03 1.099501676070780e-03
5.672193412286916e+01 2.484073886285943e-03 8.590126675371289e-04
5.681312694300239e+01 2.551332768942900e-03 6.157960920017016e-04
5.690431976313563e+01 2.596365752962955e-03 3.719041391088100e-04
5.699551258326886e+01 2.619203685188744e-03 1.293574696757795e-04
5.708670540340209e+01 2.620059631578973e-03 -1.098708543357178e-04
5.717789822353532e+01 2.599323829283543e-03 -3.438707574098668e-04
5.726909104366855e+01 2.557557270974523e-03 -5.708097412739428e-04
5.736028386380178e+01 2.495483998983977e-03 -7.889465731745068e-04
5.745147668393501e+01 2.413982196020545e-03 -9.966439752438347e-04
5.754266950406824e+01 2.314074167576725e-03 -1.192380228530682e-03
5.763386232420147e+01 2.196915318545475e-03 -1.374759615762948e-03
5.772505514433470e+01 2.063782232993850e-03 -1.542521637838394e-03
5.781624796446793e+01 1.916059971457772e-03 -1.694548950306013e-03
5.790744078460116e+01 1.755228704499311e-03 -1.829873977606407e-03
5.799863360473439e+01 1.582849804588749e-03 -1.947684174486155e-03
5.808982642486762e+01 1.400551520629763e-03 -2.047325915690358e-03
5.818101924500085e+01 1.210014360637980e-03 -2.128307006672625e-03
5.827221206513408e+01 1.012956308220025e-03 -2.190297819547956e-03
5.836340488526731e+01 8.111179975999702e-04 -2.233131069759404e-03
5.845459770540054e+01 6.062479700286539e-04 -2.256800259845578e-03
5.854579052553377e+01 4.000881315227196e-04 -2.261456827199012e-03
5.863698334566700e+01 1.943595280556277e-04 -2.247406042715549e-03
5.872817616580023e+01 -9.251450389213202e-06 -2.215101716678600e-03
5.881936898593346e+01 -2.091063310379455e-04 -2.165139777031296e-03
5.891056180606669e+01 -4.036271852700672e-04 -2.098250793302800e-03
5.900175462619992e+01 -5.913085287611843e-04 -2.015291526817817e-03
5.909294744633315e+01 -7.707284099577040e-04 -1.917235594383260e-03
5.918414026646638e+01 -9.405586102355641e-04 -1.805163338373193e-03
5.927533308659961e+01 -1.099573887797022e-03 -1.680251000990527e-03
5.936652590673284e+01 -1.246660206463797e-03 -1.543759304447127e-03
5.945771872686607e+01 -1.380821899949123e-03 -1.397021541856487e-03
5.954891154699930e+01 -1.501187731852004e-03 -1.241431285766580e-03
5.964010436713253e+01 -1.607015821430309e-03 -1.078429822473923e-03
5.973129718726576e+01 -1.697697415091632e-03 -9.094934205603492e-04
5.982249000739899e+01 -1.772759493409378e-03 -7.361205414956528e-04
5.991368282753222e+01 -1.831866213245377e-03 -5.598190986736626e-04
6.000487564766545e+01 -1.874819194160591e-03 -3.820938689246404e-04
6.009606846779868e+01 -1.901556667646374e-03 -2.044341574079728e-04
6.018726128793191e+01 -1.912151516737784e-03 -2.830181287660158e-05
6.027845410806514e+01 -1.906808242209131e-03 1.448803143350873e-04
6.036964692819837e+01 -1.885858899736338e-03 3.137393845637364e-04
6.046083974833160e+01 -1.849758060081611e-03 4.769629702090460e-04
6.055203256846483e+01 -1.799076851459588e-03 6.333087716597247e-04
6.064322538859806e+01 -1.734496149732378e-03 7.816135801392289e-04
6.073441820873129e+01 -1.656798987911437e-03 9.208014272785804e-04
6.082561102886452e+01 -1.566862261580980e-03 1.049890869006223e-03
6.091680384899775e+01 -1.465647811270891e-03 1.168001359418361e-03
6.100799666913098e+01 -1.354192966473506e-03 1.274358678585975e-03
6.109918948926421e+01 -1.233600638901633e-03 1.368299386694688e-03
6.119038230939744e+01 -1.105029054714438e-03 1.449274285428801e-03
6.128157512953067e+01 -9.696812167899450e-04 1.516850876029827e-03
6.137276794966390e+01 -8.287941887005604e-04 1.570714811912501e-03
6.146396076979713e+01 -6.836282918605691e-04 1.610670352039254e-03
6.155515358993036e+01 -5.354563063771645e-04 1.636639829371252e-03
6.164634641006359e+01 -3.855527644705593e-04 1.648662156567277e-03
6.173753923019682e+01 -2.351834229608784e-04 1.646890398630700e-03
6.182873205033005e+01 -8.559499828204588e-05 1.631588449353517e-03
6.191992487046328e+01 6.199475618720178e-05 1.603126855122615e-03
6.201111769059651e+01 2.064065549460317e-04 1.561977835889523e-03
6.210231051072974e+01 3.465085966249546e-04 1.508709558818034e-03
6.219350333086297e+01 4.812250262488254e-04 1.443979725276588e-03
6.228469615099620e+01 6.095437838331355e-04 1.368528536401700e-03
6.237588897112943e+01 7.305237857699185e-04 1.283171106398195e-03
6.246708179126266e+01 8.433013919223457e-04 1.188789396040215e-03
6.255827461139589e+01 9.470961180807515e-04 1.086323741478408e-03
6.264946743152912e+01 1.041215560377033e-03 9.767640554334328e-04
6.274066025166236e+01 1.125059505348091e-03 8.611407791598823e-04
6.283185307179559e+01 1.198123206521024e-03 7.405156641993196e-04
6.292304589192882e+01 1.259999815602490e-03 6.159724629133484e-04
6.301423871206205e+01 1.310381963531988e-03 4.886076061098050e-04
6.310543153219528e+01 1.349062493745416e-03 3.595209447646928e-04
6.319662435232851e+01 1.375934356934284e-03 2.298066309217021e-04
6.328781717246174e+01 1.390989683323035e-03 1.005442103470230e-04
6.337900999259497e+01 1.394318054970214e-03 -2.721000353913693e-05
6.347020281272820e+01 1.386104006779919e-03 -1.524312085061604e-04
6.356139563286143e+01 1.366623790742735e-03 -2.741339832349996e-04
6.365258845299466e+01 1.336241443368396e-03 -3.913796905093662e-04
6.374378127312789e+01 1.295404201288096e-03 -5.032833613459372e-04
6.383497409326112e+01 1.244637314558983e-03 -6.090200127565087e-04
6.392616691339435e+01 1.184538311267898e-03 -7.078303573531766e-04
6.401735973352758e+01 1.115770770581188e-03 -7.990258687700607e-04
6.410855255366089e+01 1.039057664402507e-03 -8.819931728300490e-04
6.419974537379419e+01 9.551743302657864e-04 -9.561977404800758e-04
6.429093819392749e+01 8.649411399956029e-04 -1.021186864700891e-03
6.438213101406079e+01 7.692159300064381e-04 -1.076591909814701e-03
6.447332383419409e+01 6.688862598849812e-04 -1.122129827814680e-03
6.456451665432739e+01 5.648615661095288e-04 -1.157603942473395e-03
6.465570947446069e+01 4.580652774161136e-04 -1.182904008003411e-03
6.474690229459399e+01 3.494269574350622e-04 -1.198005554895298e-03
6.483809511472730e+01 2.398745388113308e-04 -1.202968541200624e-03
6.492928793486060e+01 1.303267111082424e-04 -1.197935332917696e-03
6.502048075499390e+01 2.168552240202280e-05 -1.183128042235799e-03
6.511167357512720e+01 -8.517074836787728e-05 -1.158845257162799e-03
6.520286639526050e+01 -1.893943944887125e-04 -1.125458200467779e-03
6.529405921539380e+01 -2.901747098459089e-04 -1.083406359885144e-03
6.538525203552710e+01 -3.867439964098193e-04 -1.033192635123258e-03
6.547644485566040e+01 -4.783831089720657e-04 -9.753780503771125e-04
6.556763767579370e+01 -5.644264998333780e-04 -9.105760837427341e-04
6.565883049592701e+01 -6.442667309370724e-04 -8.394466671569981e-04
6.575002331606031e+01 -7.173584259156119e-04 -7.626899122305111e-04
6.584121613619361e+01 -7.832216396278271e-04 -6.810396185975709e-04
6.593240895632691e+01 -8.414446279667775e-04 -5.952566221744346e-04
6.602360177646021e+01 -8.916860059683715e-04 -5.061220409977544e-04
6.611479459659351e+01 -9.336762875046470e-04 -4.144304761156191e-04
6.620598741672681e+01 -9.672188050596985e-04 -3.209832243345289e-04
6.629718023686011e+01 -9.921900132184077e-04 -2.265815585008392e-04
6.638837305699342e+01 -1.008539184507608e-03 -1.320201294323253e-04
6.647956587712672e+01 -1.016287511077072e-03 -3.808054163530546e-05
6.657075869726002e+01 -1.015526630356742e-03 5.447484743087317e-05
6.666195151739332e+01 -1.006416597242279e-03 1.449088575205840e-04
6.675314433752662e+01 -9.891833295111207e-04 2.325151012564736e-04
6.684433715765992e+01 -9.641155570264627e-04 3.166232447124768e-04
6.693552997779322e+01 -9.315613088205060e-04 3.966038760227892e-04
6.702672279792652e+01 -8.919239753376378e-04 4.718729490088432e-04
6.711791561805983e+01 -8.456579859429503e-04 5.418957729122672e-04
6.720910843819313e+01 -7.932641442449146e-04 6.061905235817771e-04
6.730030125832643e+01 -7.352846658299574e-04 6.643312558479419e-04
6.739149407845973e+01 -6.722979646513354e-04 7.159504012934192e-04
6.748268689859303e+01 -6.049132355488662e-04 7.607407401491546e-04
6.757387971872633e+01 -5.337648811969672e-04 7.984568405810853e-04
6.766507253885963e+01 -4.595068321868142e-04 8.289159631395405e-04
6.775626535899293e+01 -3.828068089483123e-04 8.519984325881539e-04
6.784745817912624e+01 -3.043405738163680e-04 8.676474836752395e-04
6.793865099925954e+01 -2.247862207541973e-04 8.758685916242055e-04
6.802984381939284e+01 -1.448185490776776e-04 8.767283021683694e-04
6.812103663952614e+01 -6.510356599548299e-05 8.703525798091318e-04
6.821222945965944e+01 1.370683909096808e-05 8.569246966065995e-04
6.830342227979274e+01 9.098000777429365e-05 8.366826871925891e-04
6.839461509992604e+01 1.661073750478083e-04 8.099163988040959e-04
6.848580792005934e+01 2.385090454220403e-04 7.769641679501043e-04
6.857700074019264e+01 3.076380502405297e-04 7.382091578281687e-04
6.866819356032595e+01 3.729842568973077e-04 6.940753927844682e-04
6.875938638045925e+01 4.340779040546480e-04 6.450235279500310e-04
6.885057920059255e+01 4.904927405077851e-04 5.915463936774786e-04
6.894177202072585e+01 5.418487490113568e-04 5.341643555409638e-04
6.903296484085915e+01 5.878144401379605e-04 4.734205314439898e-04
6.912415766099245e+01 6.281087050499020e-04 4.098759078055072e-04
6.921535048112575e+01 6.625022198985777e-04 3.441043968670378e-04
6.930654330125905e+01 6.908183983899952e-04 2.766878768883944e-04
6.939773612139236e+01 7.129338928383743e-04 2.082112563853813e-04
6.948892894152566e+01 7.287786477421507e-04 1.392576026209113e-04
6.958012176165896e+01 7.383355135287614e-04 7.040337330492638e-05
6.967131458179226e+01 7.416394315983803e-04 2.213788904402868e-06
6.976250740192556e+01 7.387762051259257e-04 -6.476161886924524e-05
6.985370022205886e+01 7.298808732305792e-04 -1.299932489217292e-04
6.994489304219216e+01 7.151357090700228e-04 -1.929754318442178e-04
7.003608586232546e+01 6.947678651420039e-04 -2.532301615919616e-04
7.012727868245877e+01 6.690466915602656e-04 -3.103105319118908e-04
7.021847150259207e+01 6.382807552992119e-04 -3.638038545565440e-04
7.030966432272537e+01 6.028145903582474e-04 -4.133344393570408e-04
7.040085714285867e+01 5.630252104712889e-04 -4.585660193724174e-04
7.049204996299197e+01 5.193184173708354e-04 -4.992038075586190e-04
7.058324278312527e+01 4.721249387030232e-04 -5.349961746797777e-04
7.067443560325857e+01 4.218964304767215e-04 -5.657359414891244e-04
7.076562842339187e+01 3.691013794148806e-04 -5.912612815093332e-04
7.085682124352518e+01 3.142209407614736e-04 -6.114562340151197e-04
7.094801406365848e+01 2.577447469863801e-04 -6.262508300380877e-04
7.103920688379178e+01 2.001667224297033e-04 -6.356208373496613e-04
7.113039970392508e+01 1.419809382448220e-04 -6.395871334080930e-04
7.122159252405838e+01 8.367754104666742e-05 -6.382147181569502e-04
7.131278534419168e+01 2.573878746100761e-05 -6.316113813135794e-04
7.140397816432498e+01 -3.136478468344706e-05 -6.199260413668868e-04
7.149517098445828e+01 -8.717801945916353e-05 -6.033467758961627e-04
7.158636380459158e+01 -1.412646130689889e-04 -5.820985650103195e-04
7.167755662472489e+01 -1.932103661087144e-04 -5.564407716754855e-04
7.176874944485819e+01 -2.426261950197539e-04 -5.266643844361327e-04
7.185994226499149e+01 -2.891508822846536e-04 -4.930890495307023e-04
7.195113508512479e+01 -3.324535474391886e-04 -4.560599206490609e-04
7.204232790525809e+01 -3.722358235979129e-04 -4.159443555703117e-04
7.213352072539139e+01 -4.082337268917392e-04 -3.731284896519718e-04
7.222471354552469e+01 -4.402192089727878e-04 -3.280137166139273e-04
7.231590636565799e+01 -4.680013855296418e-04 -2.810131072737325e-04
7.240709918579130e+01 -4.914274365517690e-04 -2.325477968466480e-04
7.249829200592460e+01 -5.103831768620519e-04 -1.830433711293184e-04
7.258948482605790e+01 -5.247932981784860e-04 -1.329262813471409e-04
7.268067764619120e+01 -5.346212866482840e-04 -8.262031667103720e-05
7.277187046632450e+01 -5.398690223988362e-04 -3.254316241014432e-05
7.286306328645780e+01 -5.405760701502797e-04 1.689692932481662e-05
7.295425610659110e+01 -5.368186723150737e-04 6.530433110322537e-05
7.304544892672440e+01 -5.287084582534760e-04 1.122990700110554e-04
7.313664174685771e+01 -5.163908854442321e-04 1.575196738130356e-04
7.322783456699101e+01 -5.000434302526311e-04 2.006258133220143e-04
7.331902738712431e+01 -4.798735477205666e-04 2.413007228988621e-04
7.341022020725761e+01 -4.561164213542808e-04 2.792533831600047e-04
7.350141302739091e+01 -4.290325252357338e-04 3.142204522156261e-04
7.359260584752421e+01 -3.989050219255689e-04 3.459679340795685e-04
7.368379866765751e+01 -3.660370205537609e-04 3.742925752615985e-04
7.377499148779081e+01 -3.307487202044913e-04 3.990229829535537e-04
7.386618430792412e+01 -2.933744641926547e-04 4.200204606326088e-04
7.395737712805742e+01 -2.542597311005999e-04 4.371795593074465e-04
7.404856994819072e+01 -2.137580884969776e-04 4.504283450068663e-04
7.413976276832402e+01 -1.722281350984060e-04 4.597283854362859e-04
7.423095558845732e+01 -1.300304567642770e-04 4.650744609874025e-04
7.432214840859062e+01 -8.752462114223499e-05 4.664940074625538e-04
7.441334122872392e+01 -4.506623501505166e-05 4.640462999516532e-04
7.450453404885722e+01 -3.004087448600246e-06 4.578213892606576e-04
7.459572686899052e+01 3.832259928342219e-05 4.479388041223075e-04
7.468691968912383e+01 7.858679030709640e-05 4.345460341095874e-04
7.477811250925713e+01 1.174761110291708e-04 4.178168097086619e-04
7.486930532939043e+01 1.546951545968203e-04 3.979491973810391e-04
7.496049814952373e+01 1.899676079239100e-04 3.751635286460751e-04
7.505169096965703e+01 2.230381820549215e-04 3.497001832378358e-04
7.514288378979033e+01 2.536743345061576e-04 3.218172472296024e-04
7.523407660992363e+01 2.816677731603244e-04 2.917880676713336e-04
7.532526943005693e+01 3.068357332779108e-04 2.598987257482109e-04
7.541646225019024e+01 3.290220212096641e-04 2.264454507415918e-04
7.550765507032354e+01 3.480978204316465e-04 1.917319971584677e-04
7.559884789045684e+01 3.639622575607789e-04 1.560670072945715e-04
7.569004071059014e+01 3.765427280276797e-04 1.197613812137989e-04
7.578123353072344e+01 3.857949830686788e-04 8.312567566820731e-05
7.587242635085674e+01 3.917029816343937e-04 4.646755285548778e-05
7.596361917099004e+01 3.942785126831550e-04 1.008929912269686e-05
7.605481199112334e+01 3.935605951196175e-04 -2.571456721441829e-05
7.614600481125665e+01 3.896146643387754e-04 -6.065958084749920e-05
7.623719763138995e+01 3.825315559309565e-04 -9.447349036781667e-05
7.632839045152325e+01 3.724262985829811e-04 -1.268982795223194e-04
7.641958327165655e+01 3.594367295644264e-04 -1.576920347121157e-04
7.651077609178985e+01 3.437219474069655e-04 -1.866306461334116e-04
7.660196891192315e+01 3.254606174614586e-04 -2.135093315585933e-04
7.669316173205645e+01 3.048491469455541e-04 -2.381439734145286e-04
7.678435455218975e+01 2.820997468690641e-04 -2.603722615215054e-04
7.687554737232306e+01 2.574383988417006e-04 -2.800546355946115e-04
7.696674019245636e+01 2.311027452256629e-04 -2.970750233649093e-04
7.705793301258966e+01 2.033399213931475e-04 -3.113413719356983e-04
7.714912583272296e+01 1.744043489865774e-04 -3.227859717349625e-04
7.724031865285626e+01 1.445555090589492e-04 -3.313655741446331e-04
7.733151147298956e+01 1.140557137962164e-04 -3.370613055668399e-04
7.742270429312286e+01 8.316789519730878e-05 -3.398783823138077e-04
7.751389711325616e+01 5.215342861563302e-05 -3.398456322690023e-04
7.760508993338946e+01 2.127000845524433e-05 -3.370148307509059e-04
7.769628275352277e+01 -9.230407427164924e-06 -3.314598594065575e-04
7.778747557365607e+01 -3.910356892823717e-05 -3.232756982598304e-04
7.787866839378937e+01 -6.811480580413558e-05 -3.125772622304260e-04
7.796986121392267e+01 -9.604078705110637e-05 -2.994980945158492e-04
7.806105403405597e+01 -1.226711551091469e-04 -2.841889301834110e-04
7.815224685418927e+01 -1.478100236933850e-04 -2.668161441469178e-04
7.824343967432257e+01 -1.712773293831489e-04 -2.475600983986196e-04
7.833463249445587e+01 -1.929100284814053e-04 -2.266134039278724e-04
7.842582531458918e+01 -2.125631320848497e-04 -2.041791131816234e-04
7.851701813472248e+01 -2.301105737648663e-04 -1.804688592072611e-04
7.860821095485578e+01 -2.454459057392476e-04 -1.557009577657209e-04
7.869940377498908e+01 -2.584828209014079e-04 -1.300984887132960e-04
7.879059659512238e+01 -2.691554995554976e-04 -1.038873728267407e-04
7.888178941525568e+01 -2.774187811701836e-04 -7.729445999144723e-05
7.897298223538898e+01 -2.832481628991947e-04 -5.054564429116158e-05
7.906417505552228e+01 -2.866396280117113e-04 -2.386402103533169e-05
7.915536787565559e+01 -2.876093087195746e-04 2.531899856934939e-06
7.924656069578889e+01 -2.861929891709399e-04 2.842991042202934e-05
7.933775351592219e+01 -2.824454555919573e-04 5.362573829621220e-05
7.942894633605549e+01 -2.764397016906197e-04 7.792458548475177e-05
7.952013915618879e+01 -2.682659984821914e-04 1.011425612987349e-04
7.961133197632209e+01 -2.580308386465796e-04 1.231079995720158e-04
7.970252479645539e+01 -2.458557663785165e-04 1.436626514024160e-04
7.979371761658869e+01 -2.318761044362928e-04 1.626627458445924e-04
7.988491043672200e+01 -2.162395907297962e-04 1.799799122062641e-04
7.997610325685530e+01 -1.991049373105184e-04 1.955019588539184e-04
8.006729607698860e+01 -1.806403250327493e-04 2.091335047078211e-04
8.015848889712190e+01 -1.610218474451095e-04 2.207964608883043e-04
8.024968171725520e+01 -1.404319176446093e-04 2.304303612551805e-04
8.034087453738850e+01 -1.190576518822434e-04 2.379925418492407e-04
8.043206735752180e+01 -9.708924365137343e-05 2.434581704889309e-04
8.052326017765510e+01 -7.471834182035776e-05 2.468201289866320e-04
8.061445299778840e+01 -5.213644609248925e-05 2.480887516181202e-04
8.070564581792171e+01 -2.953333269354111e-05 2.472914245968746e-04
8.079683863805501e+01 -7.095522705147870e-06 2.444720523636644e-04
8.088803145818831e+01 1.499519511337901e-05 2.396903974936181e-04
8.097922427832161e+01 3.656317583495033e-05 2.330213019408139e-04
8.107041709845491e+01 5.744025376930038e-05 2.245537981781006e-04
8.116160991858821e+01 7.746699214063935e-05 2.143901195419142e-04
8.125280273872151e+01 9.649383829656746e-05 2.026446197536543e-04
8.134399555885481e+01 1.143821766424091e-04 1.894426121569007e-04
8.143518837898812e+01 1.310052724784403e-04 1.749191396804207e-04
8.152638119912142e+01 1.462491009392088e-04 1.592176869084004e-04
8.161757401925472e+01 1.600130562851757e-04 1.424888459103877e-04
8.170876683938802e+01 1.722105378680587e-04 1.248889476536213e-04
8.179995965952132e+01 1.827694101733370e-04 1.065786708901699e-04
8.189115247965462e+01 1.916323354272892e-04 8.772164038186792e-05
8.198234529978792e+01 1.987569783327095e-04 6.848302619942441e-05
8.207353811992122e+01 2.041160835583499e-04 4.902815561112055e-05
8.216473094005453e+01 2.076974276437186e-04 2.952114876470921e-05
8.225592376018783e+01 2.095036479850269e-04 1.012358896770287e-05
8.234711658032113e+01 2.095519525321381e-04 -9.006762108970170e-06
8.243830940045443e+01 2.078737147431190e-04 -2.771719453551391e-05
8.252950222058773e+01 2.045139592057280e-04 -4.586121639452683e-05
8.262069504072103e+01 1.995307441377715e-04 -6.329964776837271e-05
8.271188786085433e+01 1.929944477151961e-04 -7.990163474004379e-05
8.280308068098763e+01 1.849869658431788e-04 -9.554557650280075e-05
8.289427350112094e+01 1.756008295771119e-04 -1.101199595142144e-04
8.298546632125424e+01 1.649382509137428e-04 -1.235240935053269e-04
8.307665914138754e+01 1.531101061049986e-04 -1.356687450576607e-04
8.316785196152084e+01 1.402348659961154e-04 -1.464766653818196e-04
8.325904478165414e+01 1.264374831542205e-04 -1.558830098635152e-04
8.335023760178744e+01 1.118482457328489e-04 -1.638356478781457e-04
8.344143042192074e+01 9.660160811205292e-05 -1.702953623057818e-04
8.353262324205404e+01 8.083500836357731e-05 -1.752359390970087e-04
8.362381606218734e+01 6.468768251743596e-05 -1.786441481391709e-04
8.371500888232065e+01 4.829948545226772e-05 -1.805196175451338e-04
8.380620170245395e+01 3.180972799977759e-05 -1.808746043259916e-04
8.389739452258725e+01 1.535603954671996e-05 -1.797336652089161e-04
8.398858734272055e+01 -9.267349598753709e-07 -1.771332321156723e-04
8.407978016285385e+01 -1.690759514280029e-05 -1.731210975208455e-04
8.417097298298715e+01 -3.246039450457261e-05 -1.677558155566444e-04
8.426216580312045e+01 -4.746479152392030e-05 -1.611060253189450e-04
8.435335862325375e+01 -6.180713575862851e-05 -1.532497033532613e-04
8.444455144338706e+01 -7.538128283229897e-05 -1.442733527564085e-04
8.453574426352036e+01 -8.808933287886829e-05 -1.342711367172104e-04
8.462693708365366e+01 -9.984228774712971e-05 -1.233439646357537e-04
8.471812990378696e+01 -1.105606230214215e-04 -1.115985392041047e-04
8.480932272392026e+01 -1.201747716874173e-04 -9.914637300137915e-05
8.490051554405356e+01 -1.286255170568701e-04 -8.610278325252589e-05
8.499170836418686e+01 -1.358642933555472e-04 -7.258587342368586e-05
8.508290118432016e+01 -1.418533931678273e-04 -5.871551027863890e-05
8.517409400445347e+01 -1.465660817130520e-04 -4.461230490235538e-05
8.526528682458677e+01 -1.499866186964136e-04 -3.039660601126667e-05
8.535647964472007e+01 -1.521101892248680e-04 -1.618751361832317e-05
8.544767246485337e+01 -1.529427460004738e-04 -2.101920807468520e-06
8.553886528498667e+01 -1.525007656942097e-04 1.174640899947541e-05
8.563005810511997e+01 -1.508109230575789e-04 2.524772232623511e-05
8.572125092525327e+01 -1.479096869424507e-04 3.829710699386104e-05
8.581244374538657e+01 -1.438428429673060e-04 5.079526857899365e-05
8.590363656551988e+01 -1.386649480864857e-04 6.264924657656101e-05
8.599482938565318e+01 -1.324387227848211e-04 7.377306545901732e-05
8.608602220578648e+01 -1.252343870302604e-04 8.408831644725424e-05
8.617721502591978e+01 -1.171289464694225e-04 9.352466645454213e-05
8.626840784605308e+01 -1.082054356435603e-04 1.020202913285451e-04
8.635960066618638e+01 -9.855212523386107e-05 1.095222311918208e-04
8.645079348631968e+01 -8.826170051455798e-05 1.159866663624908e-04
8.654198630645298e+01 -7.743041829969516e-05 1.213791130182342e-04
8.663317912658628e+01 -6.615724971481370e-05 1.256745384427968e-04
8.672437194671959e+01 -5.454301610906091e-05 1.288573963593569e-04
8.681556476685289e+01 -4.268952534749830e-05 1.309215835040637e-04
8.690675758698619e+01 -3.069871558940760e-05 1.318703192208061e-04
8.699795040711949e+01 -1.867181346832157e-05 1.317159504600115e-04
8.708914322725279e+01 -6.708513345918302e-06 1.304796851355045e-04
8.718033604738609e+01 5.093815982213466e-06 1.281912573300465e-04
8.727152886751939e+01 1.664089109226928e-05 1.248885283383192e-04
8.736272168765269e+01 2.784223459759724e-05 1.206170279924044e-04
8.745391450778600e+01 3.861185144642096e-05 1.154294411262588e-04
8.754510732791930e+01 4.886885608444335e-05 1.093850443996878e-04
8.763630014805260e+01 5.853804620565067e-05 1.025490990167655e-04
8.772749296818590e+01 6.755041933177888e-05 9.499220513682527e-05
8.781868578831920e+01 7.584362899965984e-05 8.678962398681541e-05
8.790987860845250e+01 8.336237789120714e-05 7.802057384119898e-05
8.800107142858580e+01 9.005874580825092e-05 6.876750613933346e-05
8.809226424871910e+01 9.589245096890069e-05 5.911536806051714e-05
8.818345706885241e+01 1.008310436787469e-04 4.915085787418289e-05
8.827464988898571e+01 1.048500320042176e-04 3.896167932803984e-05
8.836584270911901e+01 1.079329396421074e-04 2.863580123169511e-05
8.845703552925231e+01 1.100712967341574e-04 1.826072823921635e-05
8.854822834938561e+01 1.112645649142286e-04 7.922788633369048e-06
8.863942116951891e+01 1.115199983939414e-04 -2.293555330621428e-06
8.873061398965221e+01 1.108524433867380e-04 -1.230636925016041e-05
8.882180680978551e+01 1.092840786365458e-04 -2.203687562207056e-05
8.891299962991882e+01 1.068441002522295e-04 -3.141004552325977e-05
8.900419245005212e+01 1.035683544498096e-04 -4.035514872808372e-05
8.909538527018542e+01 9.949892216830466e-05 -4.880625848334826e-05
8.918657809031872e+01 9.468365984970537e-05 -5.670270760359266e-05
8.927777091045202e+01 8.917570095703111e-05 -6.398949301049059e-05
8.936896373058532e+01 8.303292304507976e-05 -7.061762631675159e-05
8.946015655071862e+01 7.631738539514000e-05 -7.654442854260038e-05
8.955134937085192e+01 6.909474237677264e-05 -8.173376754753577e-05
8.964254219098522e+01 6.143363780634201e-05 -8.615623725742798e-05
8.973373501111853e+01 5.340508563323137e-05 -8.978927826295775e-05
8.982492783125183e+01 4.508184230092058e-05 -9.261723985587188e-05
8.991612065138513e+01 3.653777610202200e-05 -9.463138405059182e-05
9.000731347151843e+01 2.784723877499206e-05 -9.582983260656839e-05
9.009850629165173e+01 1.908444447693220e-05 -9.621745851781659e-05
9.018969911178503e+01 1.032286111335565e-05 -9.580572386687571e-05
9.028089193191833e+01 1.634618814015218e-06 -9.461246634784354e-05
9.037208475205163e+01 -6.910059883865433e-06 -9.266163714419249e-05
9.046327757218494e+01 -1.524340384481428e-05 -8.998299319913251e-05
9.055447039231824e+01 -2.330060712853527e-05 -8.661174723696283e-05
9.064566321245154e+01 -3.102030907890631e-05 -8.258817918107977e-05
9.073685603258484e+01 -3.834503736414537e-05 -7.795721286631813e-05
9.082804885271814e+01 -4.522161098928264e-05 -7.276796215866431e-05
9.091924167285144e+01 -5.160150068554403e-05 -6.707325077297343e-05
9.101043449298474e+01 -5.744114447916159e-05 -6.092911021837632e-05
9.110162731311804e+01 -6.270221665094169e-05 -5.439426040112195e-05
9.119282013325135e+01 -6.735184871407794e-05 -4.752957747555060e-05
9.128401295338465e+01 -7.136280145763355e-05 -4.039755355593597e-05
9.137520577351795e+01 -7.471358752331018e-05 -3.306175288559347e-05
9.146639859365125e+01 -7.738854440010296e-05 -2.558626900575388e-05
9.155759141378455e+01 -7.937785813183772e-05 -1.803518737637097e-05
9.164878423391785e+01 -8.067753843313625e-05 -1.047205777566909e-05
9.173997705405115e+01 -8.128934629693870e-05 -2.959380646508755e-06
9.183116987418445e+01 -8.122067554837001e-05 4.441888632535000e-06
9.192236269431775e+01 -8.048439015269913e-05 1.167281379299125e-05
9.201355551445106e+01 -7.909861941683355e-05 1.867692652730611e-05
9.210474833458436e+01 -7.708651353187460e-05 2.540064690370055e-05
9.219594115471766e+01 -7.447596218661681e-05 3.179367239686955e-05
9.228713397485096e+01 -7.129927923664861e-05 3.780933289805210e-05
9.237832679498426e+01 -6.759285663930375e-05 4.340490939581261e-05
9.246951961511756e+01 -6.339679105978919e-05 4.854191435977219e-05
9.256071243525086e+01 -5.875448671732461e-05 5.318633221046946e-05
9.265190525538416e+01 -5.371223817129245e-05 5.730881861644470e-05
9.274309807551747e+01 -4.831879684572156e-05 6.088485772145226e-05
9.283429089565077e+01 -4.262492515569471e-05 6.389487676736734e-05
9.292548371578407e+01 -3.668294213154189e-05 6.632431793885986e-05
9.301667653591737e+01 -3.054626443628576e-05 6.816366761133289e-05
9.310786935605067e+01 -2.426894663933982e-05 6.940844353112781e-05
9.319906217618397e+01 -1.790522454576654e-05 7.005914079386806e-05
9.329025499631727e+01 -1.150906528657529e-05 7.012113781046332e-05
9.338144781645057e+01 -5.133727752891767e-06 6.960456375830034e-05
9.347264063658388e+01 1.168663193104772e-06 6.852412930525350e-05
9.356383345671718e+01 7.347525473075896e-06 6.689892266428929e-05
9.365502627685048e+01 1.335420845499859e-05 6.475217328475295e-05
9.374621909698378e+01 1.914235868570293e-05 6.211098571126008e-05
9.383741191711708e+01 2.466826009606809e-05 5.900604634104511e-05
9.392860473725038e+01 2.989114633863398e-05 5.547130598444621e-05
9.401979755738368e+01 3.477348318917282e-05 5.154364127997067e-05
9.411099037751698e+01 3.928121922767288e-05 4.726249813436927e-05
9.420218319765029e+01 4.338400330765976e-05 4.266952044887284e-05
9.429337601778359e+01 4.705536762322896e-05 3.780816745497351e-05
9.438456883791689e+01 5.027287548798562e-05 3.272332301686990e-05
9.447576165805019e+01 5.301823324669656e-05 2.746090026317576e-05
9.456695447818349e+01 5.527736604629544e-05 2.206744488818273e-05
9.465814729831679e+01 5.704045749544289e-05 1.658974041355352e-05
9.474934011845009e+01 5.830195353869445e-05 1.107441862570099e-05
9.484053293858339e+01 5.906053116013086e-05 5.567578303376540e-06
9.493172575871669e+01 5.931903280982354e-05 1.144152254309479e-07
9.502291857885000e+01 5.908436771263580e-05 -5.241133698219853e-06
9.511411139898330e+01 5.836738147063005e-05 -1.045672949707988e-05
9.520530421911660e+01 5.718269560594805e-05 -1.549195092335377e-05
9.529649703924990e+01 5.554851890880887e-05 -2.030859266317659e-05
9.538768985938320e+01 5.348643265375491e-05 -2.487093990988793e-05
9.547888267951650e+01 5.102115192518490e-05 -2.914601746544223e-05
9.557007549964980e+01 4.818026544945118e-05 -3.310381177895396e-05
9.566126831978310e+01 4.499395646447112e-05 -3.671746458299474e-05
9.575246113991641e+01 4.149470726821704e-05 -3.996343704635964e-05
9.584365396004971e+01 3.771699017411616e-05 -4.282164362436119e-05
9.593484678018301e+01 3.369694766402719e-05 -4.527555505205135e-05
9.602603960031631e+01 2.947206456798256e-05 -4.731227018990581e-05
9.611723242044961e+01 2.508083511441235e-05 -4.892255669325480e-05
9.620842524058291e+01 2.056242768541250e-05 -5.010086073400206e-05
9.629961806071621e+01 1.595635007928959e-05 -5.084528625389846e-05
9.639081088084951e+01 1.130211802779134e-05 -5.115754447088420e-05
9.648200370098282e+01 6.638929638974912e-06 -5.104287459194042e-05
9.657319652111612e+01 2.005348339594668e-06 -5.050993690577511e-05
9.666438934124942e+01 -2.561003225621630e-06 -4.957067963491571e-05
9.675558216138272e+01 -7.023736015081854e-06 -4.824018111793992e-05
9.684677498151602e+01 -1.134797196043521e-05 -4.653646906734537e-05
9.693796780164932e+01 -1.550060388076958e-05 -4.448031880579527e-05
9.702916062178262e+01 -1.945053611598084e-05 -4.209503252220214e-05
9.712035344191592e+01 -2.316890424615522e-05 -3.940620170851887e-05
9.721154626204923e+01 -2.662927246554973e-05 -3.644145503755957e-05
9.730273908218253e+01 -2.980780738964153e-05 -3.323019402121536e-05
9.739393190231583e+01 -3.268342728986871e-05 -2.980331884677907e-05
9.748512472244913e+01 -3.523792597120940e-05 -2.619294682664213e-05
9.757631754258243e+01 -3.745607073074833e-05 -2.243212591344290e-05
9.766751036271573e+01 -3.932567405897870e-05 -1.855454572906503e-05
9.775870318284903e+01 -4.083763896793017e-05 -1.459424853210697e-05
9.784989600298233e+01 -4.198597804949266e-05 -1.058534250513029e-05
9.794108882311563e+01 -4.276780658177085e-05 -6.561719680852295e-06
9.803228164324894e+01 -4.318331020927502e-05 -2.556780746332221e-06
9.812347446338224e+01 -4.323568792263687e-05 1.396831132907574e-06
9.821466728351554e+01 -4.293107125383244e-05 5.267485439875258e-06
9.830586010364884e+01 -4.227842078220599e-05 9.024806482925633e-06
9.839705292378214e+01 -4.128940121363991e-05 1.263990086211409e-05
9.848824574391544e+01 -3.997823644885155e-05 1.608556861775919e-05
9.857943856404874e+01 -3.836154619599748e-05 1.933649661731194e-05
9.867063138418204e+01 -3.645816580664169e-05 2.236943290899416e-05
9.876182420431535e+01 -3.428895112195430e-05 2.516334095038854e-05
9.885301702444865e+01 -3.187657020715461e-05 2.769953280562628e-05
9.894420984458195e+01 -2.924528392624647e-05 2.996178059439358e-05
9.903540266471525e+01 -2.642071736571427e-05 3.193640566802972e-05
9.912659548484855e+01 -2.342962415490441e-05 3.361234518089151e-05
9.921778830498185e+01 -2.029964575230386e-05 3.498119591730689e-05
9.930898112511515e+01 -1.705906777098634e-05 3.603723542426616e-05
9.940017394524845e+01 -1.373657540340834e-05 3.677742068598119e-05
9.949136676538176e+01 -1.036100997591990e-05 3.720136475711880e-05
9.958255958551506e+01 -6.961128617356717e-06 3.731129194549319e-05
9.967375240564836e+01 -3.565368964571506e-06 3.711197230097052e-05
9.976494522578166e+01 -2.016207515306966e-07 3.661063632407633e-05
9.985613804591496e+01 3.102993961458121e-06 3.581687095417840e-05
9.994733086604826e+01 6.322330264721545e-06 3.474249803212555e-05

