8.000000e-01 0.000000e+00
7.970367e-01 -6.476214e-02
7.882353e-01 -1.279805e-01
7.737522e-01 -1.893119e-01
7.537751e-01 -2.484180e-01
7.285222e-01 -3.049623e-01
6.982425e-01 -3.586083e-01
6.632155e-01 -4.090202e-01
6.237515e-01 -4.558642e-01
5.801909e-01 -4.988121e-01
5.329035e-01 -5.375463e-01
4.822874e-01 -5.717658e-01
4.287673e-01 -6.011943e-01
3.727913e-01 -6.255876e-01
3.148284e-01 -6.447422e-01
2.553636e-01 -6.585025e-01
1.948940e-01 -6.667683e-01
1.339230e-01 -6.694990e-01
7.295465e-02 -6.667180e-01
1.248814e-02 -6.585132e-01
-4.698836e-02 -6.450357e-01
-1.050032e-01 -6.264973e-01
-1.611067e-01 -6.031643e-01
-2.148755e-01 -5.753510e-01
-2.659170e-01 -5.434117e-01
-3.138723e-01 -5.077319e-01
-3.584187e-01 -4.687195e-01
-3.992715e-01 -4.267969e-01
-4.361849e-01 -3.823926e-01
-4.689520e-01 -3.359355e-01
-4.974052e-01 -2.878489e-01
-5.214146e-01 -2.385470e-01
-5.408880e-01 -1.884315e-01
-5.557689e-01 -1.378906e-01
-5.660357e-01 -8.729772e-02
-5.717001e-01 -3.701192e-02
-5.728060e-01 1.262159e-02
-5.694280e-01 6.127064e-02
-5.616708e-01 1.086151e-01
-5.496673e-01 1.543464e-01
-5.335783e-01 1.981665e-01
-5.135914e-01 2.397886e-01
-4.899195e-01 2.789376e-01
-4.628003e-01 3.153511e-01
-4.324947e-01 3.487818e-01
-3.992852e-01 3.789997e-01
-3.634746e-01 4.057951e-01
-3.253837e-01 4.289823e-01
-2.853490e-01 4.484028e-01
-2.437199e-01 4.639289e-01
-2.008563e-01 4.754670e-01
-1.571246e-01 4.829601e-01
-1.128948e-01 4.863900e-01
-6.853689e-02 4.857786e-01
-2.441677e-02 4.811879e-01
1.910697e-02 4.727194e-01
6.168678e-02 4.605123e-01
1.029894e-01 4.447413e-01
1.426991e-01 4.256126e-01
1.805201e-01 4.033605e-01
2.161791e-01 3.782428e-01
2.494275e-01 3.505367e-01
2.800422e-01 3.205337e-01
3.078276e-01 2.885359e-01
3.326157e-01 2.548514e-01
3.542670e-01 2.197916e-01
3.726702e-01 1.836673e-01
3.877423e-01 1.467867e-01
3.994282e-01 1.094532e-01
4.077002e-01 7.196367e-02
4.125574e-01 3.460744e-02
4.140247e-01 -2.334823e-03
4.121524e-01 -3.859181e-02
4.070149e-01 -7.390221e-02
3.987101e-01 -1.080153e-01
3.873581e-01 -1.406919e-01
3.731005e-01 -1.717047e-01
3.560988e-01 -2.008400e-01
3.365333e-01 -2.278980e-01
3.146022e-01 -2.526952e-01
2.905192e-01 -2.750651e-01
2.645125e-01 -2.948601e-01
2.368231e-01 -3.119534e-01
2.077020e-01 -3.262405e-01
1.774093e-01 -3.376404e-01
1.462108e-01 -3.460975e-01
1.143764e-01 -3.515821e-01
8.217770e-02 -3.540915e-01
4.988498e-02 -3.536496e-01
1.776529e-02 -3.503072e-01
-1.392017e-02 -3.441411e-01
-4.491835e-02 -3.352530e-01
-7.498653e-02 -3.237677e-01
-1.038944e-01 -3.098313e-01
-1.314258e-01 -2.936092e-01
-1.573805e-01 -2.752832e-01
-1.815755e-01 -2.550495e-01
-2.038462e-01 -2.331155e-01
-2.240473e-01 -2.096979e-01
-2.420538e-01 -1.850195e-01
-2.577608e-01 -1.593078e-01
-2.710848e-01 -1.327920e-01
-2.819627e-01 -1.057016e-01
-2.903527e-01 -7.826465e-02
-2.962334e-01 -5.070586e-02
-2.996037e-01 -2.324568e-02
-3.004826e-01 3.901148e-03
-2.989081e-01 3.052665e-02
-2.949369e-01 5.643065e-02
-2.886437e-01 8.142174e-02
-2.801200e-01 1.053183e-01
-2.694736e-01 1.279493e-01
-2.568272e-01 1.491554e-01
-2.423176e-01 1.687902e-01
-2.260942e-01 1.867205e-01
-2.083179e-01 2.028282e-01
-1.891598e-01 2.170104e-01
-1.687995e-01 2.291810e-01
-1.474237e-01 2.392711e-01
-1.252247e-01 2.472298e-01
-1.023983e-01 2.530247e-01
-7.914278e-02 2.566422e-01
-5.565651e-02 2.580875e-01
-3.213664e-02 2.573847e-01
-8.777261e-03 2.545763e-01
1.423222e-02 2.497223e-01
3.670864e-02 2.428998e-01
5.847663e-02 2.342018e-01
7.936994e-02 2.237357e-01
9.923272e-02 2.116221e-01
1.179207e-01 1.979933e-01
1.353021e-01 1.829916e-01
1.512586e-01 1.667679e-01
1.656858e-01 1.494796e-01
1.784941e-01 1.312896e-01
1.896088e-01 1.123643e-01
1.989705e-01 9.287218e-02
2.065353e-01 7.298258e-02
2.122745e-01 5.286415e-02
2.161750e-01 3.268371e-02
2.182387e-01 1.260507e-02
2.184820e-01 -7.212024e-03
2.169360e-01 -2.661298e-02
2.136453e-01 -4.544925e-02
2.086681e-01 -6.357927e-02
2.020749e-01 -8.086936e-02
1.939481e-01 -9.719450e-02
1.843809e-01 -1.124391e-01
1.734768e-01 -1.264979e-01
1.613484e-01 -1.392765e-01
1.481163e-01 -1.506920e-01
1.339080e-01 -1.606738e-01
1.188570e-01 -1.691639e-01
1.031016e-01 -1.761172e-01
8.678345e-02 -1.815023e-01
7.004645e-02 -1.853010e-01
5.303559e-02 -1.875088e-01
3.589563e-02 -1.881348e-01
1.876991e-02 -1.872013e-01
1.799159e-03 -1.847432e-01
-1.487970e-02 -1.808083e-01
-3.113458e-02 -1.754558e-01
-4.683934e-02 -1.687558e-01
-6.187469e-02 -1.607887e-01
-7.612909e-02 -1.516441e-01
-8.949956e-02 -1.414195e-01
-1.018923e-01 -1.302198e-01
-1.132235e-01 -1.181557e-01
-1.234195e-01 -1.053429e-01
-1.324174e-01 -9.190062e-02
-1.401654e-01 -7.795112e-02
-1.466229e-01 -6.361806e-02
-1.517606e-01 -4.902574e-02
-1.555604e-01 -3.429804e-02
-1.580156e-01 -1.955747e-02
-1.591306e-01 -4.924251e-03
-1.589206e-01 9.484542e-03
-1.574111e-01 2.355580e-02
-1.546379e-01 3.718114e-02
-1.506465e-01 5.025768e-02
-1.454912e-01 6.268867e-02
-1.392353e-01 7.438419e-02
-1.319495e-01 8.526167e-02
-1.237119e-01 9.524651e-02
-1.146071e-01 1.042725e-01
-1.047250e-01 1.122823e-01
-9.416076e-02 1.192277e-01
-8.301315e-02 1.250701e-01
-7.138418e-02 1.297805e-01
-5.937804e-02 1.333398e-01
-4.710021e-02 1.357386e-01
-3.465655e-02 1.369774e-01
-2.215245e-02 1.370666e-01
-9.691930e-03 1.360257e-01
2.623199e-03 1.338835e-01
1.469415e-02 1.306775e-01
2.642594e-02 1.264534e-01
3.772811e-02 1.212647e-01
4.851539e-02 1.151719e-01
5.870835e-02 1.082418e-01
6.823390e-02 1.005472e-01
7.702583e-02 9.216554e-02
8.502517e-02 8.317862e-02
9.218060e-02 7.367161e-02
9.844867e-02 6.373229e-02
1.037940e-01 5.345031e-02
1.081896e-01 4.291634e-02
1.116165e-01 3.222140e-02
1.140642e-01 2.145605e-02
1.155303e-01 1.070971e-02
1.160207e-01 6.998385e-05
1.155489e-01 -1.037802e-02
1.141362e-01 -2.055230e-02
1.118112e-01 -3.037454e-02
1.086093e-01 -3.977068e-02
1.045726e-01 -4.867141e-02
9.974935e-02 -5.701265e-02
9.419314e-02 -6.473595e-02
8.796282e-02 -7.178892e-02
8.112166e-02 -7.812552e-02
7.373683e-02 -8.370633e-02
6.587880e-02 -8.849882e-02
5.762066e-02 -9.247748e-02
4.903754e-02 -9.562395e-02
4.020587e-02 -9.792702e-02
3.120282e-02 -9.938270e-02
2.210557e-02 -9.999405e-02
1.299071e-02 -9.977110e-02
3.933608e-03 -9.873063e-02
-4.992193e-03 -9.689593e-02
-1.371557e-02 -9.429646e-02
-2.216833e-02 -9.096752e-02
-3.028579e-02 -8.694981e-02
-3.800718e-02 -8.228900e-02
-4.527610e-02 -7.703526e-02
-5.204092e-02 -7.124274e-02
-5.825512e-02 -6.496901e-02
-6.387755e-02 -5.827455e-02
-6.887268e-02 -5.122216e-02
-7.321081e-02 -4.387642e-02
-7.686819e-02 -3.630307e-02
-7.982707e-02 -2.856851e-02
-8.207580e-02 -2.073923e-02
-8.360874e-02 -1.288124e-02
-8.442625e-02 -5.059549e-03
-8.453456e-02 2.662293e-03
-8.394560e-02 1.022273e-02
-8.267679e-02 1.756263e-02
-8.075084e-02 2.462575e-02
-7.819544e-02 3.135907e-02
-7.504293e-02 3.771324e-02
-7.132999e-02 4.364287e-02
-6.709726e-02 4.910684e-02
-6.238888e-02 5.406857e-02
-5.725216e-02 5.849624e-02
-5.173707e-02 6.236295e-02
-4.589578e-02 6.564689e-02
-3.978224e-02 6.833145e-02
-3.345167e-02 7.040523e-02
-2.696010e-02 7.186206e-02
-2.036385e-02 7.270099e-02
-1.371914e-02 7.292619e-02
-7.081546e-03 7.254682e-02
-5.055984e-04 7.157690e-02
5.955664e-03 7.003508e-02
1.225111e-02 6.794439e-02
1.833188e-02 6.533201e-02
2.415181e-02 6.222892e-02
2.966767e-02 5.866960e-02
3.483957e-02 5.469168e-02
3.963115e-02 5.033554e-02
4.400985e-02 4.564393e-02
4.794711e-02 4.066161e-02
5.141851e-02 3.543486e-02
5.440393e-02 3.001115e-02
5.688760e-02 2.443869e-02
5.885815e-02 1.876600e-02
6.030867e-02 1.304158e-02
6.123663e-02 7.313402e-03
6.164385e-02 1.628641e-03
6.153639e-02 -3.966765e-03
6.092444e-02 -9.428438e-03
5.982214e-02 -1.471390e-02
5.824742e-02 -1.978289e-02
5.622176e-02 -2.459762e-02
5.376996e-02 -2.912309e-02
5.091989e-02 -3.332729e-02
4.770219e-02 -3.718140e-02
4.414996e-02 -4.066002e-02
4.029847e-02 -4.374125e-02
3.618482e-02 -4.640688e-02
3.184760e-02 -4.864242e-02
2.732654e-02 -5.043718e-02
2.266219e-02 -5.178431e-02
1.789553e-02 -5.268076e-02
1.306766e-02 -5.312725e-02
8.219431e-03 -5.312820e-02
3.391141e-03 -5.269163e-02
-1.377813e-03 -5.182904e-02
-6.049229e-03 -5.055523e-02
-1.058640e-02 -4.888813e-02
-1.495440e-02 -4.684858e-02
-1.912030e-02 -4.446013e-02
-2.305347e-02 -4.174879e-02
-2.672572e-02 -3.874274e-02
-3.011154e-02 -3.547209e-02
-3.318824e-02 -3.196856e-02
-3.593608e-02 -2.826524e-02
-3.833838e-02 -2.439623e-02
-4.038162e-02 -2.039639e-02
-4.205548e-02 -1.630101e-02
-4.335286e-02 -1.214552e-02
-4.426990e-02 -7.965216e-03
-4.480591e-02 -3.794931e-03
-4.496338e-02 3.312031e-04
-4.474785e-02 4.380040e-03
-4.416784e-02 8.319667e-03
-4.323471e-02 1.211965e-02
-4.196252e-02 1.575123e-02
-4.036785e-02 1.918759e-02
-3.846966e-02 2.240396e-02
-3.628906e-02 2.537783e-02
-3.384910e-02 2.808911e-02
-3.117453e-02 3.052020e-02
-2.829163e-02 3.265614e-02
-2.522787e-02 3.448466e-02
-2.201176e-02 3.599624e-02
-1.867251e-02 3.718414e-02
-1.523986e-02 3.804442e-02
-1.174376e-02 3.857588e-02
-8.214127e-03 3.878009e-02
-4.680647e-03 3.866126e-02
-1.172483e-03 3.822621e-02
2.281933e-03 3.748423e-02
5.655124e-03 3.644697e-02
8.920781e-03 3.512832e-02
1.205395e-02 3.354423e-02
1.503124e-02 3.171256e-02
1.783094e-02 2.965286e-02
2.043320e-02 2.738624e-02
2.282018e-02 2.493510e-02
2.497611e-02 2.232297e-02
2.688742e-02 1.957428e-02
2.854279e-02 1.671413e-02
2.993323e-02 1.376808e-02
3.105207e-02 1.076195e-02
3.189501e-02 7.721571e-03
3.246011e-02 4.672583e-03
3.274773e-02 1.640242e-03
3.276052e-02 -1.350796e-03
3.250335e-02 -4.276657e-03
3.198320e-02 -7.114439e-03
3.120911e-02 -9.842375e-03
3.019205e-02 -1.244000e-02
2.894478e-02 -1.488827e-02
2.748172e-02 -1.716974e-02
2.581882e-02 -1.926864e-02
2.397337e-02 -2.117098e-02
2.196388e-02 -2.286465e-02
1.980984e-02 -2.433945e-02
1.753162e-02 -2.558721e-02
1.515020e-02 -2.660174e-02
1.268706e-02 -2.737888e-02
1.016396e-02 -2.791654e-02
7.602768e-03 -2.821460e-02
5.025254e-03 -2.827492e-02
2.452941e-03 -2.810132e-02
-9.308228e-05 -2.769944e-02
-2.592324e-03 -2.707671e-02
-5.025048e-03 -2.624226e-02
-7.372424e-03 -2.520679e-02
-9.616663e-03 -2.398247e-02
-1.174115e-02 -2.258278e-02
-1.373055e-02 -2.102243e-02
-1.557093e-02 -1.931718e-02
-1.724983e-02 -1.748369e-02
-1.875634e-02 -1.553937e-02
-2.008117e-02 -1.350226e-02
-2.121669e-02 -1.139079e-02
-2.215699e-02 -9.223697e-03
-2.289785e-02 -7.019834e-03
-2.343676e-02 -4.798008e-03
-2.377295e-02 -2.576837e-03
-2.390732e-02 -3.745952e-04
-2.384239e-02 1.790929e-03
-2.358232e-02 3.902570e-03
-2.313276e-02 5.943919e-03
-2.250084e-02 7.899438e-03
-2.169506e-02 9.754579e-03
-2.072521e-02 1.149588e-02
-1.960222e-02 1.311106e-02
-1.833811e-02 1.458910e-02
-1.694584e-02 1.592031e-02
-1.543919e-02 1.709637e-02
-1.383263e-02 1.811041e-02
-1.214120e-02 1.895699e-02
-1.038036e-02 1.963217e-02
-8.565863e-03 2.013348e-02
-6.713620e-03 2.045994e-02
-4.839566e-03 2.061202e-02
-2.959529e-03 2.059161e-02
-1.089098e-03 2.040199e-02
7.564972e-04 2.004779e-02
2.562506e-03 1.953490e-02
4.314773e-03 1.887041e-02
5.999838e-03 1.806253e-02
7.605040e-03 1.712050e-02
9.118603e-03 1.605452e-02
1.052972e-02 1.487560e-02
1.182862e-02 1.359550e-02
1.300664e-02 1.222658e-02
1.405627e-02 1.078172e-02
1.497117e-02 9.274190e-03
1.574625e-02 7.717546e-03
1.637766e-02 6.125488e-03
1.686280e-02 4.511768e-03
1.720030e-02 2.890063e-03
1.739007e-02 1.273871e-03
1.743321e-02 -3.235996e-04
1.733201e-02 -1.889534e-03
1.708992e-02 -3.411609e-03
1.671147e-02 -4.878085e-03
1.620225e-02 -6.277891e-03
1.556881e-02 -7.600706e-03
1.481862e-02 -8.837029e-03
1.395996e-02 -9.978242e-03
1.300186e-02 -1.101667e-02
1.195401e-02 -1.194561e-02
1.082665e-02 -1.275939e-02
9.630518e-03 -1.345341e-02
8.376695e-03 -1.402409e-02
7.076551e-03 -1.446898e-02
5.741629e-03 -1.478667e-02
4.383551e-03 -1.497686e-02
3.013920e-03 -1.504027e-02
1.644223e-03 -1.497868e-02
2.857400e-04 -1.479486e-02
-1.050544e-03 -1.449252e-02
-2.354025e-03 -1.407630e-02
-3.614563e-03 -1.355168e-02
-4.822552e-03 -1.292495e-02
-5.968996e-03 -1.220311e-02
-7.045565e-03 -1.139382e-02
-8.044657e-03 -1.050533e-02
-8.959445e-03 -9.546392e-03
-9.783919e-03 -8.526173e-03
-1.051292e-02 -7.454182e-03
-1.114218e-02 -6.340183e-03
-1.166831e-02 -5.194110e-03
-1.208884e-02 -4.025979e-03
-1.240222e-02 -2.845808e-03
-1.260781e-02 -1.663533e-03
-1.270586e-02 -4.889277e-04
-1.269751e-02 6.684748e-04
-1.258474e-02 1.799455e-03
-1.237038e-02 2.895177e-03
-1.205803e-02 3.947256e-03
-1.165203e-02 4.947817e-03
-1.115741e-02 5.889552e-03
-1.057985e-02 6.765768e-03
-9.925605e-03 7.570436e-03
-9.201448e-03 8.298221e-03
-8.414606e-03 8.944518e-03
-7.572691e-03 9.505480e-03
-6.683632e-03 9.978027e-03
-5.755600e-03 1.035987e-02
-4.796945e-03 1.064949e-02
-3.816112e-03 1.084618e-02
-2.821580e-03 1.095000e-02
-1.821787e-03 1.096177e-02
-8.250611e-04 1.088306e-02
1.604453e-04 1.071615e-02
1.126819e-03 1.046400e-02
2.066448e-03 1.013025e-02
2.972077e-03 9.719097e-03
3.836864e-03 9.235341e-03
4.654425e-03 8.684276e-03
5.418880e-03 8.071656e-03
6.124894e-03 7.403638e-03
6.767711e-03 6.686726e-03
7.343177e-03 5.927706e-03
7.847772e-03 5.133590e-03
8.278621e-03 4.311553e-03
8.633510e-03 3.468868e-03
8.910888e-03 2.612848e-03
9.109872e-03 1.750783e-03
9.230241e-03 8.898808e-04
9.272424e-03 3.721019e-05
9.237487e-03 -8.003563e-04
9.127111e-03 -1.616195e-03
8.943569e-03 -2.403979e-03
8.689695e-03 -3.157730e-03
8.368850e-03 -3.871855e-03
7.984886e-03 -4.541189e-03
7.542107e-03 -5.161031e-03
7.045221e-03 -5.727170e-03
6.499299e-03 -6.235915e-03
5.909721e-03 -6.684113e-03
5.282132e-03 -7.069168e-03
4.622388e-03 -7.389049e-03
3.936502e-03 -7.642301e-03
3.230595e-03 -7.828042e-03
2.510842e-03 -7.945961e-03
1.783420e-03 -7.996315e-03
1.054458e-03 -7.979908e-03
3.299883e-04 -7.898083e-03
-3.841058e-04 -7.752696e-03
-1.082131e-03 -7.546092e-03
-1.758629e-03 -7.281081e-03
-2.408418e-03 -6.960899e-03
-3.026630e-03 -6.589180e-03
-3.608744e-03 -6.169918e-03
-4.150620e-03 -5.707424e-03
-4.648522e-03 -5.206289e-03
-5.099144e-03 -4.671337e-03
-5.499631e-03 -4.107585e-03
-5.847590e-03 -3.520196e-03
-6.141105e-03 -2.914435e-03
-6.378744e-03 -2.295622e-03
-6.559559e-03 -1.669088e-03
-6.683088e-03 -1.040134e-03
-6.749350e-03 -4.139812e-04
-6.758833e-03 2.042639e-04
-6.712486e-03 8.096533e-04
-6.611700e-03 1.397434e-03
-6.458287e-03 1.963084e-03
-6.254464e-03 2.502345e-03
-6.002818e-03 3.011253e-03
-5.706288e-03 3.486166e-03
-5.368126e-03 3.923788e-03
-4.991869e-03 4.321188e-03
-4.581304e-03 4.675822e-03
-4.140432e-03 4.985541e-03
-3.673431e-03 5.248606e-03
-3.184620e-03 5.463695e-03
-2.678418e-03 5.629903e-03
-2.159308e-03 5.746744e-03
-1.631797e-03 5.814150e-03
-1.100383e-03 5.832457e-03
-5.695115e-04 5.802403e-03
-4.354454e-05 5.725109e-03
4.732751e-04 5.602066e-03
9.768567e-04 5.435113e-03
1.463293e-03 5.226419e-03
1.928887e-03 4.978457e-03
2.370181e-03 4.693979e-03
2.783982e-03 4.375988e-03
3.167378e-03 4.027707e-03
3.517761e-03 3.652552e-03
3.832843e-03 3.254100e-03
4.110666e-03 2.836051e-03
4.349617e-03 2.402202e-03
4.548430e-03 1.956413e-03
4.706194e-03 1.502570e-03
4.822351e-03 1.044555e-03
4.896696e-03 5.862163e-04
4.929373e-03 1.313339e-04
4.920867e-03 -3.164088e-04
4.871990e-03 -7.534538e-04
4.783876e-03 -1.176395e-03
4.657960e-03 -1.582005e-03
4.495960e-03 -1.967257e-03
4.299865e-03 -2.329345e-03
4.071903e-03 -2.665708e-03
3.814530e-03 -2.974039e-03
3.530396e-03 -3.252306e-03
3.222323e-03 -3.498762e-03
2.893283e-03 -3.711951e-03
2.546363e-03 -3.890719e-03
2.184744e-03 -4.034216e-03
1.811669e-03 -4.141897e-03
1.430418e-03 -4.213524e-03
1.044278e-03 -4.249158e-03
6.565161e-04 -4.249156e-03
2.703564e-04 -4.214162e-03
-1.110505e-04 -4.145096e-03
-4.846497e-04 -4.043144e-03
-8.475056e-04 -3.909739e-03
-1.196824e-03 -3.746548e-03
-1.529974e-03 -3.555453e-03
-1.844503e-03 -3.338533e-03
-2.138158e-03 -3.098041e-03
-2.408897e-03 -2.836382e-03
-2.654907e-03 -2.556095e-03
-2.874606e-03 -2.259824e-03
-3.066663e-03 -1.950298e-03
-3.229995e-03 -1.630306e-03
-3.363775e-03 -1.302671e-03
-3.467437e-03 -9.702297e-04
-3.540671e-03 -6.358073e-04
-3.583424e-03 -3.021930e-04
-3.595894e-03 2.788027e-05
-3.578527e-03 3.517585e-04
-3.532005e-03 6.668864e-04
-3.457237e-03 9.708272e-04
-3.355350e-03 1.261280e-03
-3.227673e-03 1.536097e-03
-3.075724e-03 1.793297e-03
-2.901192e-03 2.031081e-03
-2.705923e-03 2.247841e-03
-2.491900e-03 2.442173e-03
-2.261224e-03 2.612881e-03
-2.016096e-03 2.758987e-03
-1.758795e-03 2.879732e-03
-1.491661e-03 2.974580e-03
-1.217072e-03 3.043218e-03
-9.374218e-04 3.085555e-03
-6.551065e-04 3.101717e-03
-3.724987e-04 3.092043e-03
-9.193106e-05 3.057082e-03
1.843229e-04 2.997577e-03
4.540661e-04 2.914463e-03
7.151950e-04 2.808850e-03
9.657147e-04 2.682014e-03
1.203754e-03 2.535385e-03
1.427578e-03 2.370527e-03
1.635601e-03 2.189126e-03
1.826395e-03 1.992977e-03
1.998700e-03 1.783961e-03
2.151432e-03 1.564031e-03
2.283686e-03 1.335196e-03
2.394744e-03 1.099502e-03
2.484074e-03 8.590127e-04
2.551333e-03 6.157961e-04
2.596366e-03 3.719041e-04
2.619204e-03 1.293575e-04
2.620060e-03 -1.098709e-04
2.599324e-03 -3.438708e-04
2.557557e-03 -5.708097e-04
2.495484e-03 -7.889466e-04
2.413982e-03 -9.966440e-04
2.314074e-03 -1.192380e-03
2.196915e-03 -1.374760e-03
2.063782e-03 -1.542522e-03
1.916060e-03 -1.694549e-03
1.755229e-03 -1.829874e-03
1.582850e-03 -1.947684e-03
1.400552e-03 -2.047326e-03
1.210014e-03 -2.128307e-03
1.012956e-03 -2.190298e-03
8.111180e-04 -2.233131e-03
6.062480e-04 -2.256800e-03
4.000881e-04 -2.261457e-03
1.943595e-04 -2.247406e-03
-9.251450e-06 -2.215102e-03
-2.091063e-04 -2.165140e-03
-4.036272e-04 -2.098251e-03
-5.913085e-04 -2.015292e-03
-7.707284e-04 -1.917236e-03
-9.405586e-04 -1.805163e-03
-1.099574e-03 -1.680251e-03
-1.246660e-03 -1.543759e-03
-1.380822e-03 -1.397022e-03
-1.501188e-03 -1.241431e-03
-1.607016e-03 -1.078430e-03
-1.697697e-03 -9.094934e-04
-1.772759e-03 -7.361205e-04
-1.831866e-03 -5.598191e-04
-1.874819e-03 -3.820939e-04
-1.901557e-03 -2.044342e-04
-1.912152e-03 -2.830181e-05
-1.906808e-03 1.448803e-04
-1.885859e-03 3.137394e-04
-1.849758e-03 4.769630e-04
-1.799077e-03 6.333088e-04
-1.734496e-03 7.816136e-04
-1.656799e-03 9.208014e-04
-1.566862e-03 1.049891e-03
-1.465648e-03 1.168001e-03
-1.354193e-03 1.274359e-03
-1.233601e-03 1.368299e-03
-1.105029e-03 1.449274e-03
-9.696812e-04 1.516851e-03
-8.287942e-04 1.570715e-03
-6.836283e-04 1.610670e-03
-5.354563e-04 1.636640e-03
-3.855528e-04 1.648662e-03
-2.351834e-04 1.646890e-03
-8.559500e-05 1.631588e-03
6.199476e-05 1.603127e-03
2.064066e-04 1.561978e-03
3.465086e-04 1.508710e-03
4.812250e-04 1.443980e-03
6.095438e-04 1.368529e-03
7.305238e-04 1.283171e-03
8.433014e-04 1.188789e-03
9.470961e-04 1.086324e-03
1.041216e-03 9.767641e-04
1.125060e-03 8.611408e-04
1.198123e-03 7.405157e-04
1.260000e-03 6.159725e-04
1.310382e-03 4.886076e-04
1.349062e-03 3.595209e-04
1.375934e-03 2.298066e-04
1.390990e-03 1.005442e-04
1.394318e-03 -2.721000e-05
1.386104e-03 -1.524312e-04
1.366624e-03 -2.741340e-04
1.336241e-03 -3.913797e-04
1.295404e-03 -5.032834e-04
1.244637e-03 -6.090200e-04
1.184538e-03 -7.078304e-04
1.115771e-03 -7.990259e-04
1.039058e-03 -8.819932e-04
9.551743e-04 -9.561977e-04
8.649411e-04 -1.021187e-03
7.692159e-04 -1.076592e-03
6.688863e-04 -1.122130e-03
5.648616e-04 -1.157604e-03
4.580653e-04 -1.182904e-03
3.494270e-04 -1.198006e-03
2.398745e-04 -1.202969e-03
1.303267e-04 -1.197935e-03
2.168552e-05 -1.183128e-03
-8.517075e-05 -1.158845e-03
-1.893944e-04 -1.125458e-03
-2.901747e-04 -1.083406e-03
-3.867440e-04 -1.033193e-03
-4.783831e-04 -9.753781e-04
-5.644265e-04 -9.105761e-04
-6.442667e-04 -8.394467e-04
-7.173584e-04 -7.626899e-04
-7.832216e-04 -6.810396e-04
-8.414446e-04 -5.952566e-04
-8.916860e-04 -5.061220e-04
-9.336763e-04 -4.144305e-04
-9.672188e-04 -3.209832e-04
-9.921900e-04 -2.265816e-04
-1.008539e-03 -1.320201e-04
-1.016288e-03 -3.808054e-05
-1.015527e-03 5.447485e-05
-1.006417e-03 1.449089e-04
-9.891833e-04 2.325151e-04
-9.641156e-04 3.166232e-04
-9.315613e-04 3.966039e-04
-8.919240e-04 4.718729e-04
-8.456580e-04 5.418958e-04
-7.932641e-04 6.061905e-04
-7.352847e-04 6.643313e-04
-6.722980e-04 7.159504e-04
-6.049132e-04 7.607407e-04
-5.337649e-04 7.984568e-04
-4.595068e-04 8.289160e-04
-3.828068e-04 8.519984e-04
-3.043406e-04 8.676475e-04
-2.247862e-04 8.758686e-04
-1.448185e-04 8.767283e-04
-6.510357e-05 8.703526e-04
1.370684e-05 8.569247e-04
9.098001e-05 8.366827e-04
1.661074e-04 8.099164e-04
2.385090e-04 7.769642e-04
3.076381e-04 7.382092e-04
3.729843e-04 6.940754e-04
4.340779e-04 6.450235e-04
4.904927e-04 5.915464e-04
5.418487e-04 5.341644e-04
5.878144e-04 4.734205e-04
6.281087e-04 4.098759e-04
6.625022e-04 3.441044e-04
6.908184e-04 2.766879e-04
7.129339e-04 2.082113e-04
7.287786e-04 1.392576e-04
7.383355e-04 7.040337e-05
7.416394e-04 2.213789e-06
7.387762e-04 -6.476162e-05
7.298809e-04 -1.299932e-04
7.151357e-04 -1.929754e-04
6.947679e-04 -2.532302e-04
6.690467e-04 -3.103105e-04
6.382808e-04 -3.638039e-04
6.028146e-04 -4.133344e-04
5.630252e-04 -4.585660e-04
5.193184e-04 -4.992038e-04
4.721249e-04 -5.349962e-04
4.218964e-04 -5.657359e-04
3.691014e-04 -5.912613e-04
3.142209e-04 -6.114562e-04
2.577447e-04 -6.262508e-04
2.001667e-04 -6.356208e-04
1.419809e-04 -6.395871e-04
8.367754e-05 -6.382147e-04
2.573879e-05 -6.316114e-04
-3.136478e-05 -6.199260e-04
-8.717802e-05 -6.033468e-04
-1.412646e-04 -5.820986e-04
-1.932104e-04 -5.564408e-04
-2.426262e-04 -5.266644e-04
-2.891509e-04 -4.930890e-04
-3.324535e-04 -4.560599e-04
-3.722358e-04 -4.159444e-04
-4.082337e-04 -3.731285e-04
-4.402192e-04 -3.280137e-04
-4.680014e-04 -2.810131e-04
-4.914274e-04 -2.325478e-04
-5.103832e-04 -1.830434e-04
-5.247933e-04 -1.329263e-04
-5.346213e-04 -8.262032e-05
-5.398690e-04 -3.254316e-05
-5.405761e-04 1.689693e-05
-5.368187e-04 6.530433e-05
-5.287085e-04 1.122991e-04
-5.163909e-04 1.575197e-04
-5.000434e-04 2.006258e-04
-4.798735e-04 2.413007e-04
-4.561164e-04 2.792534e-04
-4.290325e-04 3.142205e-04
-3.989050e-04 3.459679e-04
-3.660370e-04 3.742926e-04
-3.307487e-04 3.990230e-04
-2.933745e-04 4.200205e-04
-2.542597e-04 4.371796e-04
-2.137581e-04 4.504283e-04
-1.722281e-04 4.597284e-04
-1.300305e-04 4.650745e-04
-8.752462e-05 4.664940e-04
-4.506624e-05 4.640463e-04
-3.004087e-06 4.578214e-04
3.832260e-05 4.479388e-04
7.858679e-05 4.345460e-04
1.174761e-04 4.178168e-04
1.546952e-04 3.979492e-04
1.899676e-04 3.751635e-04
2.230382e-04 3.497002e-04
2.536743e-04 3.218172e-04
2.816678e-04 2.917881e-04
3.068357e-04 2.598987e-04
3.290220e-04 2.264455e-04
3.480978e-04 1.917320e-04
3.639623e-04 1.560670e-04
3.765427e-04 1.197614e-04
3.857950e-04 8.312568e-05
3.917030e-04 4.646755e-05
3.942785e-04 1.008930e-05
3.935606e-04 -2.571457e-05
3.896147e-04 -6.065958e-05
3.825316e-04 -9.447349e-05
3.724263e-04 -1.268983e-04
3.594367e-04 -1.576920e-04
3.437219e-04 -1.866306e-04
3.254606e-04 -2.135093e-04
3.048491e-04 -2.381440e-04
2.820997e-04 -2.603723e-04
2.574384e-04 -2.800546e-04
2.311027e-04 -2.970750e-04
2.033399e-04 -3.113414e-04
1.744043e-04 -3.227860e-04
1.445555e-04 -3.313656e-04
1.140557e-04 -3.370613e-04
8.316790e-05 -3.398784e-04
5.215343e-05 -3.398456e-04
2.127001e-05 -3.370148e-04
-9.230407e-06 -3.314599e-04
-3.910357e-05 -3.232757e-04
-6.811481e-05 -3.125773e-04
-9.604079e-05 -2.994981e-04
-1.226712e-04 -2.841889e-04
-1.478100e-04 -2.668161e-04
-1.712773e-04 -2.475601e-04
-1.929100e-04 -2.266134e-04
-2.125631e-04 -2.041791e-04
-2.301106e-04 -1.804689e-04
-2.454459e-04 -1.557010e-04
-2.584828e-04 -1.300985e-04
-2.691555e-04 -1.038874e-04
-2.774188e-04 -7.729446e-05
-2.832482e-04 -5.054564e-05
-2.866396e-04 -2.386402e-05
-2.876093e-04 2.531900e-06
-2.861930e-04 2.842991e-05
-2.824455e-04 5.362574e-05
-2.764397e-04 7.792459e-05
-2.682660e-04 1.011426e-04
-2.580308e-04 1.231080e-04
-2.458558e-04 1.436627e-04
-2.318761e-04 1.626627e-04
-2.162396e-04 1.799799e-04
-1.991049e-04 1.955020e-04
-1.806403e-04 2.091335e-04
-1.610218e-04 2.207965e-04
-1.404319e-04 2.304304e-04
-1.190577e-04 2.379925e-04
-9.708924e-05 2.434582e-04
-7.471834e-05 2.468201e-04
-5.213645e-05 2.480888e-04
-2.953333e-05 2.472914e-04
-7.095523e-06 2.444721e-04
1.499520e-05 2.396904e-04
3.656318e-05 2.330213e-04
5.744025e-05 2.245538e-04
7.746699e-05 2.143901e-04
9.649384e-05 2.026446e-04
1.143822e-04 1.894426e-04
1.310053e-04 1.749191e-04
1.462491e-04 1.592177e-04
1.600131e-04 1.424888e-04
1.722105e-04 1.248889e-04
1.827694e-04 1.065787e-04
1.916323e-04 8.772164e-05
1.987570e-04 6.848303e-05
2.041161e-04 4.902816e-05
2.076974e-04 2.952115e-05
2.095036e-04 1.012359e-05
2.095520e-04 -9.006762e-06
2.078737e-04 -2.771719e-05
2.045140e-04 -4.586122e-05
1.995307e-04 -6.329965e-05
1.929944e-04 -7.990163e-05
1.849870e-04 -9.554558e-05
1.756008e-04 -1.101200e-04
1.649383e-04 -1.235241e-04
1.531101e-04 -1.356687e-04
1.402349e-04 -1.464767e-04
1.264375e-04 -1.558830e-04
1.118482e-04 -1.638356e-04
9.660161e-05 -1.702954e-04
8.083501e-05 -1.752359e-04
6.468768e-05 -1.786441e-04
4.829949e-05 -1.805196e-04
3.180973e-05 -1.808746e-04
1.535604e-05 -1.797337e-04
-9.267350e-07 -1.771332e-04
-1.690760e-05 -1.731211e-04
-3.246039e-05 -1.677558e-04
-4.746479e-05 -1.611060e-04
-6.180714e-05 -1.532497e-04
-7.538128e-05 -1.442734e-04
-8.808933e-05 -1.342711e-04
-9.984229e-05 -1.233440e-04
-1.105606e-04 -1.115985e-04
-1.201748e-04 -9.914637e-05
-1.286255e-04 -8.610278e-05
-1.358643e-04 -7.258587e-05
-1.418534e-04 -5.871551e-05
-1.465661e-04 -4.461230e-05
-1.499866e-04 -3.039661e-05
-1.521102e-04 -1.618751e-05
-1.529427e-04 -2.101921e-06
-1.525008e-04 1.174641e-05
-1.508109e-04 2.524772e-05
-1.479097e-04 3.829711e-05
-1.438428e-04 5.079527e-05
-1.386649e-04 6.264925e-05
-1.324387e-04 7.377307e-05
-1.252344e-04 8.408832e-05
-1.171289e-04 9.352467e-05
-1.082054e-04 1.020203e-04
-9.855213e-05 1.095222e-04
-8.826170e-05 1.159867e-04
-7.743042e-05 1.213791e-04
-6.615725e-05 1.256745e-04
-5.454302e-05 1.288574e-04
-4.268953e-05 1.309216e-04
-3.069872e-05 1.318703e-04
-1.867181e-05 1.317160e-04
-6.708513e-06 1.304797e-04
5.093816e-06 1.281913e-04
1.664089e-05 1.248885e-04
2.784223e-05 1.206170e-04
3.861185e-05 1.154294e-04
4.886886e-05 1.093850e-04
5.853805e-05 1.025491e-04
6.755042e-05 9.499221e-05
7.584363e-05 8.678962e-05
8.336238e-05 7.802057e-05
9.005875e-05 6.876751e-05
9.589245e-05 5.911537e-05
1.008310e-04 4.915086e-05
1.048500e-04 3.896168e-05
1.079329e-04 2.863580e-05
1.100713e-04 1.826073e-05
1.112646e-04 7.922789e-06
1.115200e-04 -2.293555e-06
1.108524e-04 -1.230637e-05
1.092841e-04 -2.203688e-05
1.068441e-04 -3.141005e-05
1.035684e-04 -4.035515e-05
9.949892e-05 -4.880626e-05
9.468366e-05 -5.670271e-05
8.917570e-05 -6.398949e-05
8.303292e-05 -7.061763e-05
7.631739e-05 -7.654443e-05
6.909474e-05 -8.173377e-05
6.143364e-05 -8.615624e-05
5.340509e-05 -8.978928e-05
4.508184e-05 -9.261724e-05
3.653778e-05 -9.463138e-05
2.784724e-05 -9.582983e-05
1.908444e-05 -9.621746e-05
1.032286e-05 -9.580572e-05
1.634619e-06 -9.461247e-05
-6.910060e-06 -9.266164e-05
-1.524340e-05 -8.998299e-05
-2.330061e-05 -8.661175e-05
-3.102031e-05 -8.258818e-05
-3.834504e-05 -7.795721e-05
-4.522161e-05 -7.276796e-05
-5.160150e-05 -6.707325e-05
-5.744114e-05 -6.092911e-05
-6.270222e-05 -5.439426e-05
-6.735185e-05 -4.752958e-05
-7.136280e-05 -4.039755e-05
-7.471359e-05 -3.306175e-05
-7.738854e-05 -2.558627e-05
-7.937786e-05 -1.803519e-05
-8.067754e-05 -1.047206e-05
-8.128935e-05 -2.959381e-06
-8.122068e-05 4.441889e-06
-8.048439e-05 1.167281e-05
-7.909862e-05 1.867693e-05
-7.708651e-05 2.540065e-05
-7.447596e-05 3.179367e-05
-7.129928e-05 3.780933e-05
-6.759286e-05 4.340491e-05
-6.339679e-05 4.854191e-05
-5.875449e-05 5.318633e-05
-5.371224e-05 5.730882e-05
-4.831880e-05 6.088486e-05
-4.262493e-05 6.389488e-05
-3.668294e-05 6.632432e-05
-3.054626e-05 6.816367e-05
-2.426895e-05 6.940844e-05
-1.790522e-05 7.005914e-05
-1.150907e-05 7.012114e-05
-5.133728e-06 6.960456e-05
1.168663e-06 6.852413e-05
7.347525e-06 6.689892e-05
1.335421e-05 6.475217e-05
1.914236e-05 6.211099e-05
2.466826e-05 5.900605e-05
2.989115e-05 5.547131e-05
3.477348e-05 5.154364e-05
3.928122e-05 4.726250e-05
4.338400e-05 4.266952e-05
4.705537e-05 3.780817e-05
5.027288e-05 3.272332e-05
5.301823e-05 2.746090e-05
5.527737e-05 2.206744e-05
5.704046e-05 1.658974e-05
5.830195e-05 1.107442e-05
5.906053e-05 5.567578e-06
5.931903e-05 1.144152e-07
5.908437e-05 -5.241134e-06
5.836738e-05 -1.045673e-05
5.718270e-05 -1.549195e-05
5.554852e-05 -2.030859e-05
5.348643e-05 -2.487094e-05
5.102115e-05 -2.914602e-05
4.818027e-05 -3.310381e-05
4.499396e-05 -3.671746e-05
4.149471e-05 -3.996344e-05
3.771699e-05 -4.282164e-05
3.369695e-05 -4.527556e-05
2.947206e-05 -4.731227e-05
2.508084e-05 -4.892256e-05
2.056243e-05 -5.010086e-05
1.595635e-05 -5.084529e-05
1.130212e-05 -5.115754e-05
6.638930e-06 -5.104287e-05
2.005348e-06 -5.050994e-05
-2.561003e-06 -4.957068e-05
-7.023736e-06 -4.824018e-05
-1.134797e-05 -4.653647e-05
-1.550060e-05 -4.448032e-05
-1.945054e-05 -4.209503e-05
-2.316890e-05 -3.940620e-05
-2.662927e-05 -3.644146e-05
-2.980781e-05 -3.323019e-05
-3.268343e-05 -2.980332e-05
-3.523793e-05 -2.619295e-05
-3.745607e-05 -2.243213e-05
-3.932567e-05 -1.855455e-05
-4.083764e-05 -1.459425e-05
-4.198598e-05 -1.058534e-05
-4.276781e-05 -6.561720e-06
-4.318331e-05 -2.556781e-06
-4.323569e-05 1.396831e-06
-4.293107e-05 5.267485e-06
-4.227842e-05 9.024806e-06
-4.128940e-05 1.263990e-05
-3.997824e-05 1.608557e-05
-3.836155e-05 1.933650e-05
-3.645817e-05 2.236943e-05
-3.428895e-05 2.516334e-05
-3.187657e-05 2.769953e-05
-2.924528e-05 2.996178e-05
-2.642072e-05 3.193641e-05
-2.342962e-05 3.361235e-05
-2.029965e-05 3.498120e-05
-1.705907e-05 3.603724e-05
-1.373658e-05 3.677742e-05
-1.036101e-05 3.720136e-05
-6.961129e-06 3.731129e-05
-3.565369e-06 3.711197e-05
-2.016208e-07 3.661064e-05
3.102994e-06 3.581687e-05
6.322330e-06 3.474250e-05
