# omega0=1, alpha=0.2
# theta0=0.8, theta_dot0=0.8
# t_start=0, t_end=200, h=0.00905358
#   t          theta(t)                 thetadot(t)       
0 8.000000000000000e-01 8.000000000000000e-01
1.810716226852906e-01 9.385429080673712e-01 7.278714031683647e-01
3.621432453705811e-01 1.062824425464438e+00 6.429834357172580e-01
5.432148680558717e-01 1.170793914806715e+00 5.481149794740380e-01
7.242864907411632e-01 1.260849679825540e+00 4.454211413510745e-01
9.053581134264548e-01 1.331717124421923e+00 3.363591181703924e-01
1.086429736111745e+00 1.382325587873913e+00 2.217419865858961e-01
1.267501358797035e+00 1.411703808246692e+00 1.018848473225450e-01
1.448572981482324e+00 1.418907817881357e+00 -2.318739134489175e-02
1.629644604167613e+00 1.402990438744476e+00 -1.534907793731357e-01
1.810716226852902e+00 1.363018788797608e+00 -2.888025863837106e-01
1.991787849538192e+00 1.298144616365608e+00 -4.283591295653392e-01
2.172859472223481e+00 1.207730334146934e+00 -5.705465463608624e-01
2.353931094908770e+00 1.091529228946165e+00 -7.126198775044722e-01
2.535002717594060e+00 9.499091937343734e-01 -8.505174246397884e-01
2.716074340279349e+00 7.840940539559673e-01 -9.788710107491474e-01
2.897145962964638e+00 5.963766334088200e-01 -1.091325445018796e+00
3.078217585649928e+00 3.902399225729516e-01 -1.181238379012520e+00
3.259289208335217e+00 1.703195368974930e-01 -1.242711375551456e+00
3.440360831020506e+00 -5.783495044683126e-02 -1.271728689728044e+00
3.621432453705796e+00 -2.881879430000960e-01 -1.267044617108371e+00
3.802504076391085e+00 -5.147568883861733e-01 -1.230479365354898e+00
3.983575699076374e+00 -7.321392762108181e-01 -1.166492595666575e+00
4.164647321761672e+00 -9.359071896166347e-01 -1.081195496495721e+00
4.345718944446970e+00 -1.122798538989963e+00 -9.811588262724281e-01
4.526790567132268e+00 -1.290701953149537e+00 -8.723760605010085e-01
4.707862189817567e+00 -1.438485260009337e+00 -7.595917995644310e-01
4.888933812502865e+00 -1.565738862156437e+00 -6.460258961498772e-01
5.070005435188163e+00 -1.672498785603939e+00 -5.334046513221091e-01
5.251077057873461e+00 -1.758993626043288e+00 -4.221729385228949e-01
5.432148680558759e+00 -1.825437863586932e+00 -3.117793217833168e-01
5.613220303244058e+00 -1.871877923462339e+00 -2.009654746554695e-01
5.794291925929356e+00 -1.898088447223952e+00 -8.802880000983862e-02
5.975363548614654e+00 -1.903513258924033e+00 2.894541883399838e-02
6.156435171299952e+00 -1.887246545112509e+00 1.518687096808616e-01
6.337506793985250e+00 -1.848053230459177e+00 2.824272989679407e-01
6.518578416670548e+00 -1.784432325578546e+00 4.218246878270374e-01
6.699650039355847e+00 -1.694732211439033e+00 5.704613381236390e-01
6.880721662041145e+00 -1.577331002744153e+00 7.275352753618385e-01
7.061793284726443e+00 -1.430895644678154e+00 8.905783382878855e-01
7.242864907411741e+00 -1.254725714101999e+00 1.055003910566270e+00
7.423936530097039e+00 -1.049166141243574e+00 1.213834796347714e+00
7.605008152782338e+00 -8.160334738919829e-01 1.357875308744829e+00
7.786079775467636e+00 -5.589489269458198e-01 1.476608370473406e+00
7.967151398152934e+00 -2.834329378425741e-01 1.559921997310572e+00
8.148223020838218e+00 3.368713198522237e-03 1.600359090563499e+00
8.329294643523498e+00 2.933580139690223e-01 1.595122101510829e+00
8.510366266208779e+00 5.784290968233141e-01 1.546935124372018e+00
8.691437888894059e+00 8.514258908970541e-01 1.463317987447655e+00
8.872509511579340e+00 1.106844779496256e+00 1.354613560171201e+00
9.053581134264620e+00 1.341132402895825e+00 1.231650050448919e+00
9.234652756949901e+00 1.552593197678895e+00 1.103876554755215e+00
9.415724379635181e+00 1.741035469486558e+00 9.783614298499345e-01
9.596796002320461e+00 1.907311799080177e+00 8.595893236200721e-01
9.777867625005742e+00 2.052873703497317e+00 7.497678099648680e-01
9.958939247691022e+00 2.179405014107968e+00 6.493474250225741e-01
1.014001087037630e+01 2.288552708545751e+00 5.575536932917434e-01
1.032108249306158e+01 2.381747052129378e+00 4.728320866904067e-01
1.050215411574686e+01 2.460091927654738e+00 3.931775506541509e-01
1.068322573843214e+01 2.524304862079445e+00 3.163569369459882e-01
1.086429736111742e+01 2.574689254559506e+00 2.400462528318986e-01
1.104536898380270e+01 2.611125527897848e+00 1.619061267332632e-01
1.122644060648799e+01 2.633071908239601e+00 7.961573099908259e-02
1.140751222917327e+01 2.639568856642188e+00 -9.118293557995360e-03
1.158858385185855e+01 2.629243945912777e+00 -1.065634821444611e-01
1.176965547454383e+01 2.600316602994821e+00 -2.149586133650396e-01
1.195072709722911e+01 2.550605230636345e+00 -3.364864356014316e-01
1.213179871991439e+01 2.477543587188013e+00 -4.731926922099356e-01
1.231287034259967e+01 2.378219910011659e+00 -6.268069394679358e-01
1.249394196528495e+01 2.249462017044062e+00 -7.984017719180352e-01
1.267501358797023e+01 2.088004559467652e+00 -9.878130989569158e-01
1.285608521065551e+01 1.890788013651129e+00 -1.192758477057846e+00
1.303715683334079e+01 1.655443914281117e+00 -1.407679906058986e+00
1.321822845602607e+01 1.380997966074760e+00 -1.622564750514437e+00
1.339930007871135e+01 1.068743952153365e+00 -1.822380387558564e+00
1.358037170139663e+01 7.230906223131079e-01 -1.988115738781614e+00
1.376144332408191e+01 3.520063089485601e-01 -2.100254039024354e+00
1.394251494676719e+01 -3.336934067367017e-02 -2.144274571534280e+00
1.412358656945247e+01 -4.201320306796291e-01 -2.115882667671334e+00
1.430465819213775e+01 -7.957031048325326e-01 -2.022886621890697e+00
1.448572981482303e+01 -1.149834729519162e+00 -1.882427036894911e+00
1.466680143750831e+01 -1.475806681359892e+00 -1.715313265765288e+00
1.484787306019359e+01 -1.770577151450051e+00 -1.540628371278128e+00
1.502894468287887e+01 -2.034151310022617e+00 -1.372657104122686e+00
1.521001630556415e+01 -2.268625327208288e+00 -1.220267254518108e+00
1.539108792824944e+01 -2.477271103370449e+00 -1.087791187034296e+00
1.557215955093472e+01 -2.663838227216328e+00 -9.764058216744503e-01
1.575323117362000e+01 -2.832102312623141e+00 -8.854100299551243e-01
1.593430279630528e+01 -2.985616565846503e+00 -8.131780305096028e-01
1.611537441899056e+01 -3.127605212618837e+00 -7.577813161577713e-01
1.629644604167584e+01 -3.260944757202286e+00 -7.173508500354746e-01
1.647751766436112e+01 -3.388193483374765e+00 -6.902600710140233e-01
1.665858928704640e+01 -3.511642835498303e+00 -6.751923782487828e-01
1.683966090973168e+01 -3.633373930819910e+00 -6.711358559226812e-01
1.702073253241696e+01 -3.755308558983992e+00 -6.773307462003186e-01
1.720180415510224e+01 -3.879247471725099e+00 -6.931830753891312e-01
1.738287577778752e+01 -4.006890454909389e+00 -7.181504015934588e-01
1.756394740047280e+01 -4.139833390186010e+00 -7.516022585857181e-01
1.774501902315808e+01 -4.279537965759671e+00 -7.926583883008221e-01
1.792609064584336e+01 -4.427270622647097e+00 -8.400126718409600e-01
1.810716226852864e+01 -4.584009550474554e+00 -8.917602641265566e-01
1.828823389121392e+01 -4.750322925971082e+00 -9.452593806219100e-01
1.846930551389920e+01 -4.926228690784725e+00 -9.970745360922068e-01
1.865037713658448e+01 -5.111055675364956e+00 -1.043057684594042e+00
1.883144875926977e+01 -5.303335783925655e+00 -1.078616366575538e+00
1.901252038195505e+01 -5.500763110950250e+00 -1.099182455055822e+00
1.919359200464033e+01 -5.700252803985984e+00 -1.100830108074038e+00
1.937466362732561e+01 -5.898116260811872e+00 -1.080916193760654e+00
1.955573525001089e+01 -6.090341308919155e+00 -1.038569783633552e+00
1.973680687269617e+01 -6.272935252787512e+00 -9.748773063022744e-01
1.991787849538145e+01 -6.442268321132790e+00 -8.927017886170393e-01
2.009895011806673e+01 -6.595355009050699e+00 -7.961972384796757e-01
2.028002174075201e+01 -6.730030985552015e+00 -6.901700339968129e-01
2.046109336343729e+01 -6.845013622538444e+00 -5.794582202546843e-01
2.064216498612257e+01 -6.939861677480386e+00 -4.684530319195878e-01
2.082323660880785e+01 -7.014865540305327e+00 -3.608127122800789e-01
2.100430823149313e+01 -7.070902391972343e+00 -2.593550061911276e-01
2.118537985417841e+01 -7.109284541987516e+00 -1.660799669202142e-01
2.136645147686369e+01 -7.131619459118584e+00 -8.226751055373441e-02
2.154752309954897e+01 -7.139690646421713e+00 -8.603651554729926e-03
2.172859472223425e+01 -7.135361538323219e+00 5.469526077754537e-02
2.190966634491953e+01 -7.120500398418950e+00 1.077764844185222e-01
2.209073796760481e+01 -7.096922311082552e+00 1.510683372509447e-01
2.227180959029009e+01 -7.066344073294740e+00 1.852196115269605e-01
2.245288121297537e+01 -7.030348443681059e+00 2.110557795128118e-01
2.263395283566065e+01 -6.990355285810112e+00 2.295455534740036e-01
2.281502445834593e+01 -6.947598298975953e+00 2.417716739922653e-01
2.299609608103122e+01 -6.903107033742483e+00 2.489010810658180e-01
2.317716770371650e+01 -6.857694610748501e+00 2.521513947327514e-01
2.335823932640178e+01 -6.811951946744151e+00 2.527525108672575e-01
2.353931094908706e+01 -6.766249350714029e+00 2.519038039889351e-01
2.372038257177234e+01 -6.720746139926840e+00 2.507287214160760e-01
2.390145419445762e+01 -6.675408522133012e+00 2.502293594708774e-01
2.408252581714290e+01 -6.630035484496256e+00 2.512439416460787e-01
2.426359743982818e+01 -6.584291901899136e+00 2.544100539836482e-01
2.444466906251346e+01 -6.537747587777335e+00 2.601361534516538e-01
2.462574068519874e+01 -6.489920598545929e+00 2.685833671651198e-01
2.480681230788402e+01 -6.440322788371748e+00 2.796590287210532e-01
2.498788393056930e+01 -6.388505403591482e+00 2.930227917691462e-01
2.516895555325458e+01 -6.334102411647573e+00 3.081055146362931e-01
2.535002717593986e+01 -6.276869288157894e+00 3.241403887962984e-01
2.553109879862514e+01 -6.216715154637463e+00 3.402049527585579e-01
2.571217042131042e+01 -6.153726489261208e+00 3.552716909610470e-01
2.589324204399570e+01 -6.088181139018220e+00 3.682639326545422e-01
2.607431366668098e+01 -6.020552038720697e+00 3.781128925553147e-01
2.625538528936626e+01 -5.951500850859967e+00 3.838111576367066e-01
2.643645691205154e+01 -5.881862597417784e+00 3.844579619760211e-01
2.661752853473682e+01 -5.812623139356931e+00 3.792923719565146e-01
2.679860015742210e+01 -5.744891933269917e+00 3.677120381607745e-01
2.697967178010738e+01 -5.679872735306509e+00 3.492772672471241e-01
2.716074340279267e+01 -5.618834759094659e+00 3.237024619733881e-01
2.734181502547795e+01 -5.563086230853992e+00 2.908390289993500e-01
2.752288664816323e+01 -5.513951402140954e+00 2.506552753914906e-01
2.770395827084851e+01 -5.472751016123964e+00 2.032193803800717e-01
2.788502989353379e+01 -5.440785137273089e+00 1.486912109927889e-01
2.806610151621907e+01 -5.419316297247319e+00 8.732767259918414e-02
2.824717313890435e+01 -5.409550203285963e+00 1.950462159972119e-02
2.842824476158963e+01 -5.412610893929720e+00 -5.424377048021445e-02
2.860931638427491e+01 -5.429507295882784e+00 -1.331699441983318e-01
2.879038800696019e+01 -5.461088736269903e+00 -2.162471807718070e-01
2.897145962964547e+01 -5.507988225804104e+00 -3.021021858925370e-01
2.915253125233075e+01 -5.570554387264749e+00 -3.889597910263541e-01
2.933360287501603e+01 -5.648775826870891e+00 -4.746181790165706e-01
2.951467449770131e+01 -5.742205384789011e+00 -5.564759244446394e-01
2.969574612038659e+01 -5.849895503666829e+00 -6.316305534218186e-01
2.987681774307187e+01 -5.970358833594122e+00 -6.970592704007946e-01
3.005788936575715e+01 -6.101568618442903e+00 -7.498744663525935e-01
3.023896098844243e+01 -6.241009900432748e+00 -7.876220407690850e-01
3.042003261112771e+01 -6.385784577969078e+00 -8.085672330719955e-01
3.060110423381299e+01 -6.532762088459791e+00 -8.119018930744408e-01
3.078217585649827e+01 -6.678756147872952e+00 -7.978179603717940e-01
3.096324747918355e+01 -6.820700640847944e+00 -7.674242719097238e-01
3.114431910186883e+01 -6.955797424459568e+00 -7.225261792244381e-01
3.132539072455411e+01 -7.081615740976776e+00 -6.653224559676847e-01
3.150646234723940e+01 -7.196134463467675e+00 -5.980883551251256e-01
3.168753396992468e+01 -7.297730408293339e+00 -5.229052562068327e-01
3.186860559260996e+01 -7.385124933079651e+00 -4.414742478883606e-01
3.204967721529525e+01 -7.457305417729467e+00 -3.550251189464577e-01
3.223074883798061e+01 -7.513438394056895e+00 -2.643126513908142e-01
3.241182046066596e+01 -7.552788583353811e+00 -1.696822654213651e-01
3.259289208335131e+01 -7.574654623874211e+00 -7.118571641139249e-02
3.277396370603666e+01 -7.578329062813929e+00 3.126876033518979e-02
3.295503532872201e+01 -7.563087827440629e+00 1.377423525021240e-01
3.313610695140736e+01 -7.528212856897493e+00 2.480745090376628e-01
3.331717857409271e+01 -7.473050393896079e+00 3.616816384823421e-01
3.349825019677807e+01 -7.397105795951130e+00 4.773578091172867e-01
3.367932181946342e+01 -7.300172610350781e+00 5.931006805684761e-01
3.386039344214877e+01 -7.182488071857098e+00 7.060016331646785e-01
3.404146506483412e+01 -7.044898665887902e+00 8.122544443200798e-01
3.422253668751947e+01 -6.889008869555542e+00 9.073415589380006e-01
3.440360831020482e+01 -6.717276835507170e+00 9.864368562901812e-01
3.458467993289018e+01 -6.533018192105192e+00 1.045008652863617e+00
3.476575155557553e+01 -6.340289345255169e+00 1.079523808410171e+00
3.494682317826088e+01 -6.143647005667169e+00 1.088077381209803e+00
3.512789480094623e+01 -5.947815447042283e+00 1.070752483231475e+00
3.530896642363158e+01 -5.757323545384021e+00 1.029583021045349e+00
3.549003804631693e+01 -5.576185097312583e+00 9.681264129068342e-01
3.567110966900228e+01 -5.407682044189912e+00 8.907854279353312e-01
3.585218129168764e+01 -5.254278039340924e+00 8.020804452224257e-01
3.603325291437299e+01 -5.117654555826000e+00 7.060468940886880e-01
3.621432453705834e+01 -4.998837036570665e+00 6.058511212181136e-01
3.639539615974369e+01 -4.898369692472823e+00 5.036327912299640e-01
3.657646778242904e+01 -4.816501620985927e+00 4.005271564923968e-01
3.675753940511439e+01 -4.753357491092437e+00 2.968025938716217e-01
3.693861102779974e+01 -4.709077299011290e+00 1.920566802468846e-01
3.711968265048510e+01 -4.683918321320167e+00 8.543310362372904e-02
3.730075427317045e+01 -4.678317395533227e+00 -2.415860620465082e-02
3.748182589585580e+01 -4.692913449785136e+00 -1.378232206217548e-01
3.766289751854115e+01 -4.728529742297628e+00 -2.564530514142511e-01
3.784396914122650e+01 -4.786113650953128e+00 -3.804842420247038e-01
3.802504076391185e+01 -4.866630263266094e+00 -5.096299215385118e-01
3.820611238659720e+01 -4.970905923237015e+00 -6.425971474779847e-01
3.838718400928256e+01 -5.099421210627357e+00 -7.768194803193587e-01
3.856825563196791e+01 -5.252061759320068e+00 -9.082735714494763e-01
3.874932725465326e+01 -5.427851355789245e+00 -1.031487497279804e+00
3.893039887733861e+01 -5.624713505647865e+00 -1.139866957612476e+00
3.911147050002396e+01 -5.839328065320861e+00 -1.226425755576126e+00
3.929254212270931e+01 -6.067155088681255e+00 -1.284880635790251e+00
3.947361374539467e+01 -6.302673958899700e+00 -1.310879711064110e+00
3.965468536808002e+01 -6.539828417493511e+00 -1.302977993867275e+00
3.983575699076537e+01 -6.772595832529503e+00 -1.262984395773627e+00
4.001682861345072e+01 -6.995548482356750e+00 -1.195527958199560e+00
4.019790023613607e+01 -7.204276134536700e+00 -1.107011781424940e+00
4.037897185882142e+01 -7.395592375290675e+00 -1.004342232838076e+00
4.056004348150677e+01 -7.567520940745851e+00 -8.938244814514466e-01
4.074111510419213e+01 -7.719115842881894e+00 -7.804516073538382e-01
4.092218672687748e+01 -7.850191927402234e+00 -6.676176030767353e-01
4.110325834956283e+01 -7.961034922965185e+00 -5.571557148396875e-01
4.128432997224818e+01 -8.052137466823771e+00 -4.495646864622608e-01
4.146540159493353e+01 -8.123984032004088e+00 -3.443066728140453e-01
4.164647321761888e+01 -8.176890417366627e+00 -2.401033793820758e-01
4.182754484030423e+01 -8.210893918698604e+00 -1.351968500616713e-01
4.200861646298959e+01 -8.225686959671723e+00 -2.756952405414080e-02
4.218968808567494e+01 -8.220587675340626e+00 8.486475129055576e-02
4.237075970836029e+01 -8.194544008395775e+00 2.040774918340103e-01
4.255183133104564e+01 -8.146172255701638e+00 3.317235838592430e-01
4.273290295373099e+01 -8.073836054381905e+00 4.688918632584543e-01
4.291397457641634e+01 -7.975776820931732e+00 6.157826691076645e-01
4.309504619910170e+01 -7.850310233275488e+00 7.713010793306013e-01
4.327611782178705e+01 -7.696102571512339e+00 9.325902110027542e-01
4.345718944447240e+01 -7.512530739456937e+00 1.094596388724818e+00
4.363826106715775e+01 -7.300104669025115e+00 1.249855166756088e+00
4.381933268984310e+01 -7.060887840457520e+00 1.388776575870410e+00
4.400040431252845e+01 -6.798799726244293e+00 1.500698184173860e+00
4.418147593521380e+01 -6.519651613687386e+00 1.575752770746933e+00
4.436254755789916e+01 -6.230796641813074e+00 1.607153036539750e+00
4.454361918058451e+01 -5.940389403446934e+00 1.593059932639973e+00
4.472469080326986e+01 -5.656412861866736e+00 1.537170410092434e+00
4.490576242595521e+01 -5.385744577629636e+00 1.447711187948026e+00
4.508683404864056e+01 -5.133518388114184e+00 1.335316375035072e+00
4.526790567132591e+01 -4.902902119769067e+00 1.210713178643591e+00
4.544897729401126e+01 -4.695249645958699e+00 1.082994720734519e+00
4.563004891669662e+01 -4.510486327101374e+00 9.587772462410747e-01
4.581112053938197e+01 -4.347574449140786e+00 8.421155282755410e-01
4.599219216206732e+01 -4.204948157290517e+00 7.348709621701480e-01
4.617326378475267e+01 -4.080862900127348e+00 6.372480828247893e-01
4.635433540743802e+01 -3.973647027278147e+00 5.483175533784508e-01
4.653540703012337e+01 -3.881866796606110e+00 4.664421807968858e-01
4.671647865280872e+01 -3.804424788452368e+00 3.895866945108418e-01
4.689755027549408e+01 -3.740611944427030e+00 3.155235888497283e-01
4.707862189817943e+01 -3.690130037779854e+00 2.419578822356700e-01
4.725969352086478e+01 -3.653097141457604e+00 1.665937103408566e-01
4.744076514355013e+01 -3.630044822551809e+00 8.716196739385848e-02
4.762183676623548e+01 -3.621912678273848e+00 1.424327319158914e-03
4.780290838892083e+01 -3.630043291055582e+00 -9.283329110576195e-02
4.798398001160619e+01 -3.656178324998688e+00 -1.978043392114616e-01
4.816505163429154e+01 -3.702453741314914e+00 -3.156447989630599e-01
4.834612325697689e+01 -3.771388219091465e+00 -4.484095637177857e-01
4.852719487966224e+01 -3.865852886505175e+00 -5.979013571251890e-01
4.870826650234759e+01 -3.989001426275664e+00 -7.653725203804597e-01
4.888933812503294e+01 -4.144127139219226e+00 -9.510028797051858e-01
4.907040974771829e+01 -4.334399458120080e+00 -1.153081046880675e+00
4.925148137040365e+01 -4.562423934407456e+00 -1.366883614364646e+00
4.943255299308900e+01 -4.829583829400415e+00 -1.583440072437960e+00
4.961362461577435e+01 -5.135185633888721e+00 -1.788730013341600e+00
4.979469623845970e+01 -5.475568076822275e+00 -1.964264038558682e+00
4.997576786114505e+01 -5.843518272532035e+00 -2.090010906520037e+00
5.015683948383040e+01 -6.228441591001796e+00 -2.149646590116565e+00
5.033791110651575e+01 -6.617561404303783e+00 -2.136200831218849e+00
5.051898272920111e+01 -6.997936863333467e+00 -2.054932819610712e+00
5.070005435188646e+01 -7.358583107627700e+00 -1.921506106191606e+00
5.088112597457181e+01 -7.691900405066276e+00 -1.756616919249139e+00
5.106219759725716e+01 -7.994045266529695e+00 -1.580223405860675e+00
5.124326921994251e+01 -8.264422346295540e+00 -1.407859103927979e+00
5.142434084262786e+01 -8.504749822019402e+00 -1.249544486181254e+00
5.160541246531321e+01 -8.718103949275294e+00 -1.110457404974223e+00
5.178648408799857e+01 -8.908161520587218e+00 -9.922929400441138e-01
5.196755571068392e+01 -9.078694348461665e+00 -8.946079854482899e-01
5.214862733336927e+01 -9.233281453581965e+00 -8.158593507259214e-01
5.232969895605462e+01 -9.375177508742693e+00 -7.540974041582872e-01
5.251077057873997e+01 -9.507280313817677e+00 -7.073802850740799e-01
5.269184220142532e+01 -9.632154362219330e+00 -6.739924873400145e-01
5.287291382411068e+01 -9.752081674149103e+00 -6.525372251704349e-01
5.305398544679603e+01 -9.869121703184145e+00 -6.419505942173428e-01
5.323505706948138e+01 -9.985169066791828e+00 -6.414670144392576e-01
5.341612869216673e+01 -1.010200189814768e+01 -6.505520134857601e-01
5.359720031485208e+01 -1.022131566613184e+01 -6.688096228118627e-01
5.377827193753743e+01 -1.034473811907012e+01 -6.958666084958656e-01
5.395934356022278e+01 -1.047382119662773e+01 -7.312339249422920e-01
5.414041518290814e+01 -1.061000590398205e+01 -7.741472438358374e-01
5.432148680559349e+01 -1.075455689717864e+01 -8.233937499842792e-01
5.450255842827884e+01 -1.090846565124229e+01 -8.771422302670777e-01
5.468363005096419e+01 -1.107232538317257e+01 -9.328074967133867e-01
5.486470167364954e+01 -1.124618793310168e+01 -9.869955531427773e-01
5.504577329633489e+01 -1.142942225198655e+01 -1.035585647989540e+00
5.522684491902024e+01 -1.162060401670226e+01 -1.073998262621395e+00
5.540791654170560e+01 -1.181747207430194e+01 -1.097662982324717e+00
5.558898816439095e+01 -1.201698446351705e+01 -1.102635599356986e+00
5.577005978707630e+01 -1.221549068047376e+01 -1.086238495886748e+00
5.595113140976165e+01 -1.240900901848511e+01 -1.047551168444737e+00
5.613220303244700e+01 -1.259356702101882e+01 -9.875968942502307e-01
5.631327465513235e+01 -1.276554256410076e+01 -9.091627873620712e-01
5.649434627781771e+01 -1.292194283924287e+01 -8.163133306819288e-01
5.667541790050306e+01 -1.306057858595361e+01 -7.137492175102067e-01
5.685648952318841e+01 -1.318012140093641e+01 -6.061834124974751e-01
5.703756114587376e+01 -1.328005966824446e+01 -4.978602895293830e-01
5.721863276855911e+01 -1.336058480915147e+01 -3.922693353492934e-01
5.739970439124446e+01 -1.342244270191314e+01 -2.920407158167633e-01
5.758077601392981e+01 -1.346677915830476e+01 -1.989747320581635e-01
5.776184763661517e+01 -1.349499862244122e+01 -1.141495859196963e-01
5.794291925930052e+01 -1.350864586377171e+01 -3.806107469359984e-02
5.812399088198587e+01 -1.350931337951702e+01 2.923707905099144e-02
5.830506250467122e+01 -1.349857287941857e+01 8.800942354577468e-02
5.848613412735657e+01 -1.347792712479644e+01 1.387382306836570e-01
5.866720575004192e+01 -1.344877781840852e+01 1.820464309644212e-01
5.884827737272727e+01 -1.341240554873938e+01 2.186408409586123e-01
5.902934899541263e+01 -1.336995851523706e+01 2.492711580386421e-01
5.921042061809798e+01 -1.332244760183286e+01 2.747001143624498e-01
5.939149224078333e+01 -1.327074615324239e+01 2.956807820306855e-01
5.957256386346868e+01 -1.321559345374482e+01 3.129379428873199e-01
5.975363548615403e+01 -1.315760137486303e+01 3.271514574362847e-01
5.993470710883938e+01 -1.309726394215825e+01 3.389405484810485e-01
6.011577873152473e+01 -1.303496968821656e+01 3.488487655355324e-01
6.029685035421009e+01 -1.297101663828030e+01 3.573300565239418e-01
6.047792197689544e+01 -1.290562965473297e+01 3.647368093077266e-01
6.065899359958079e+01 -1.283897968885270e+01 3.713109249550221e-01
6.084006522226614e+01 -1.277120429529882e+01 3.771789556621074e-01
6.102113684495149e+01 -1.270242859590843e+01 3.823521092260484e-01
6.120220846763684e+01 -1.263278576755748e+01 3.867315308138934e-01
6.138328009032220e+01 -1.256243609828714e+01 3.901187764017997e-01
6.156435171300755e+01 -1.249158371985949e+01 3.922308563770000e-01
6.174542333569290e+01 -1.242049028397946e+01 3.927187257795745e-01
6.192649495837825e+01 -1.234948509060485e+01 3.911877050900445e-01
6.210756658106360e+01 -1.227897147382059e+01 3.872181012868051e-01
6.228863820374895e+01 -1.220942956642801e+01 3.803843136252213e-01
6.246970982643430e+01 -1.214141585490251e+01 3.702709721080307e-01
6.265078144911966e+01 -1.207556015777870e+01 3.564851496290145e-01
6.283185307180501e+01 -1.201256077607442e+01 3.386643521088127e-01
6.301292469449036e+01 -1.195317855100556e+01 3.164807347835570e-01
6.319399631717571e+01 -1.189823041667023e+01 2.896427142947552e-01
6.337506793986106e+01 -1.184858276651542e+01 2.578957502649288e-01
6.355613956254641e+01 -1.180514459034412e+01 2.210244861833447e-01
6.373721118523176e+01 -1.176885992139675e+01 1.788586286264763e-01
6.391828280791712e+01 -1.174069870327417e+01 1.312848921184676e-01
6.409935443060246e+01 -1.172164478834446e+01 7.826703733068312e-02
6.428042605328781e+01 -1.171267945943780e+01 1.987545835847812e-02
6.446149767597316e+01 -1.171475867952572e+01 -4.367313426689599e-02
6.464256929865851e+01 -1.172878229044244e+01 -1.119667495521961e-01
6.482364092134387e+01 -1.175555369668038e+01 -1.843426475825604e-01
6.500471254402922e+01 -1.179572930443318e+01 -2.598308222329981e-01
6.518578416671457e+01 -1.184975826883366e+01 -3.371052403191056e-01
6.536685578939992e+01 -1.191781502511824e+01 -4.144552501372808e-01
6.554792741208527e+01 -1.199972960832604e+01 -4.897924328446353e-01
6.572899903477062e+01 -1.209492362157257e+01 -5.607085803775993e-01
6.591007065745598e+01 -1.220236225994872e+01 -6.245963124236216e-01
6.609114228014133e+01 -1.232053403863201e+01 -6.788334328136075e-01
6.627221390282668e+01 -1.244746866535045e+01 -7.210157773058363e-01
6.645328552551203e+01 -1.258079903937165e+01 -7.492046853137830e-01
6.663435714819738e+01 -1.271786583524210e+01 -7.621413314916577e-01
6.681542877088273e+01 -1.285585411691065e+01 -7.593787348937227e-01
6.699650039356808e+01 -1.299194364002190e+01 -7.412973241263989e-01
6.717757201625344e+01 -1.312345073650541e+01 -7.089980914288146e-01
6.735864363893879e+01 -1.324794145423163e+01 -6.640983765679312e-01
6.753971526162414e+01 -1.336330235760414e+01 -6.084772814167785e-01
6.772078688430949e+01 -1.346776468944022e+01 -5.440235020754642e-01
6.790185850699484e+01 -1.355988647373526e+01 -4.724287456761927e-01
6.808293012968019e+01 -1.363850336997141e+01 -3.950516662453510e-01
6.826400175236554e+01 -1.370266186759254e+01 -3.128585804457397e-01
6.844507337505090e+01 -1.375154822068201e+01 -2.264337488705954e-01
6.862614499773625e+01 -1.378442452689992e+01 -1.360455235533216e-01
6.880721662042160e+01 -1.380058074258615e+01 -4.175398248798261e-02
6.898828824310695e+01 -1.379930902770305e+01 5.645174520163106e-02
6.916935986579230e+01 -1.377990497671996e+01 1.584950607441117e-01
6.935043148847765e+01 -1.374169891920247e+01 2.640393622861509e-01
6.953150311116300e+01 -1.368411912220650e+01 3.723099990458610e-01
6.971257473384836e+01 -1.360678670011133e+01 4.819252624242962e-01
6.989364635653371e+01 -1.350963852613511e+01 5.907612990095471e-01
7.007471797921906e+01 -1.339306878714221e+01 6.958885694386804e-01
7.025578960190441e+01 -1.325807202329177e+01 7.936272147610114e-01
7.043686122458976e+01 -1.310636188100292e+01 8.797661298628433e-01
7.061793284727511e+01 -1.294043358743381e+01 9.499651363401633e-01
7.079900446996047e+01 -1.276353902581114e+01 1.000307071542410e+00
7.098007609264582e+01 -1.257955540859067e+01 1.027898659087811e+00
7.116114771533117e+01 -1.239275211228016e+01 1.031366930910444e+00
7.134221933801652e+01 -1.220748891653580e+01 1.011098890520481e+00
7.152329096070187e+01 -1.202790115280809e+01 9.691413606090770e-01
7.170436258338722e+01 -1.185763246883869e+01 9.087894283463682e-01
7.188543420607257e+01 -1.169966124480695e+01 8.339901172744363e-01
7.206650582875793e+01 -1.155623920932392e+01 7.487263018036041e-01
7.224757745144328e+01 -1.142893266314036e+01 6.565171379861791e-01
7.242864907412863e+01 -1.131873782136114e+01 5.601045074480574e-01
7.260972069681398e+01 -1.122623545125770e+01 4.613286691613903e-01
7.279079231949933e+01 -1.115175363507698e+01 3.611545387003017e-01
7.297186394218468e+01 -1.109551606795776e+01 2.597966260738713e-01
7.315293556487003e+01 -1.105776234099795e+01 1.568970857184250e-01
7.333400718755539e+01 -1.103883359618978e+01 5.172645206913902e-02
7.351507881024074e+01 -1.103922099508160e+01 -5.660765929387183e-02
7.369615043292609e+01 -1.105957594027844e+01 -1.689464848108650e-01
7.387722205561144e+01 -1.110068074903157e+01 -2.858563695652870e-01
7.405829367829679e+01 -1.116337752039524e+01 -4.073901650744918e-01
7.423936530098214e+01 -1.124845245446753e+01 -5.328349610976605e-01
7.442043692366749e+01 -1.135647433949813e+01 -6.604626837971858e-01
7.460150854635285e+01 -1.148759105216482e+01 -7.873252326736664e-01
7.478258016903820e+01 -1.164129827984614e+01 -9.091673128712117e-01
7.496365179172355e+01 -1.181621045224762e+01 -1.020555359360890e+00
7.514472341440890e+01 -1.200988190052704e+01 -1.115315763437483e+00
7.532579503709425e+01 -1.221873842588220e+01 -1.187312071682787e+00
7.550686665977960e+01 -1.243817396624127e+01 -1.231461589115036e+00
7.568793828246496e+01 -1.266283501484973e+01 -1.244740196348265e+00
7.586900990515031e+01 -1.288706084475152e+01 -1.226844184879474e+00
7.605008152783566e+01 -1.310539188822727e+01 -1.180254067639672e+00
7.623115315052101e+01 -1.331303099920857e+01 -1.109666899752125e+00
7.641222477320636e+01 -1.350615922720525e+01 -1.021007641779122e+00
7.659329639589171e+01 -1.368205961277518e+01 -9.203541038476413e-01
7.677436801857706e+01 -1.383906138692569e+01 -8.130659700283694e-01
7.695543964126242e+01 -1.397635699219219e+01 -7.032612838051674e-01
7.713651126394777e+01 -1.409375627635845e+01 -5.936357732582282e-01
7.731758288663312e+01 -1.419143245105906e+01 -4.855340538260991e-01
7.749865450931847e+01 -1.426969532816599e+01 -3.791623533834730e-01
7.767972613200382e+01 -1.432880893542897e+01 -2.738540092282424e-01
7.786079775468917e+01 -1.436885764978957e+01 -1.683337111484674e-01
7.804186937737452e+01 -1.438965815015169e+01 -6.095768663757491e-02
7.822294100005988e+01 -1.439071251021864e+01 5.007082439454900e-02
7.840401262274523e+01 -1.437119898012000e+01 1.664978181258511e-01
7.858508424543058e+01 -1.433000010683085e+01 2.898061010812608e-01
7.876615586811593e+01 -1.426577183974977e+01 4.209712534420645e-01
7.894722749080128e+01 -1.417706123097132e+01 5.601663576431282e-01
7.912829911348663e+01 -1.406248289152400e+01 7.064090861716706e-01
7.930937073617199e+01 -1.392096312702963e+01 8.571746315703460e-01
7.949044235885734e+01 -1.375205201398187e+01 1.008050681996492e+00
7.967151398154269e+01 -1.355628353395726e+01 1.152582563791383e+00
7.985258560422804e+01 -1.333553088267215e+01 1.282519046672704e+00
8.003365722691339e+01 -1.309326525102628e+01 1.388657949529155e+00
8.021472884959874e+01 -1.283460226791692e+01 1.462329229394689e+00
8.039580047228409e+01 -1.256604065687751e+01 1.497233577381759e+00
8.057687209496945e+01 -1.229488015152361e+01 1.491027652302614e+00
8.075794371765480e+01 -1.202842757871860e+01 1.445983678915686e+00
8.093901534034015e+01 -1.177319579483535e+01 1.368402536319056e+00
8.112008696302550e+01 -1.153430632765095e+01 1.267038561249542e+00
8.130115858571085e+01 -1.131521786459067e+01 1.151198113257001e+00
8.148223020839620e+01 -1.111777752844438e+01 1.029163051349884e+00
8.166330183108155e+01 -1.094250004780365e+01 9.072741138545002e-01
8.184437345376691e+01 -1.078895194583576e+01 7.896640565951921e-01
8.202544507645226e+01 -1.065613996466897e+01 6.784374041683666e-01
8.220651669913761e+01 -1.054284433880955e+01 5.740647872179967e-01
8.238758832182296e+01 -1.044787480595041e+01 4.758200875402793e-01
8.256865994450831e+01 -1.037025120654986e+01 3.821663038171227e-01
8.274973156719366e+01 -1.030932178630753e+01 2.910556261237284e-01
8.293080318987901e+01 -1.026483507307584e+01 2.001439625099598e-01
8.311187481256437e+01 -1.023697948961907e+01 1.069361508920878e-01
8.329294643524972e+01 -1.022640132444285e+01 8.883576709389628e-03
8.347401805793507e+01 -1.023420759662933e+01 -9.654266044711791e-02
8.365508968062042e+01 -1.026195604924354e+01 -2.117784149580162e-01
8.383616130330577e+01 -1.031162974490915e+01 -3.390645059127068e-01
8.401723292599112e+01 -1.038558797677024e+01 -4.802804015977662e-01
8.419830454867648e+01 -1.048647791735671e+01 -6.366686513825917e-01
8.437937617136183e+01 -1.061708264262248e+01 -8.083993690198510e-01
8.456044779404718e+01 -1.078007262183564e+01 -9.939357641109244e-01
8.474151941673253e+01 -1.097762481443980e+01 -1.189217350086785e+00
8.492259103941788e+01 -1.121088728954401e+01 -1.386812152967730e+00
8.510366266210323e+01 -1.147931409256051e+01 -1.575416687523400e+00
8.528473428478858e+01 -1.177998651421181e+01 -1.740321323264766e+00
8.546580590747394e+01 -1.210715479857256e+01 -1.865455251427806e+00
8.564687753015929e+01 -1.245230331437345e+01 -1.937043674681407e+00
8.582794915284464e+01 -1.280494919933631e+01 -1.947765071848652e+00
8.600902077552999e+01 -1.315408852376937e+01 -1.899395483284583e+00
8.619009239821534e+01 -1.348985502810503e+01 -1.802376324630123e+00
8.637116402090069e+01 -1.380482340161915e+01 -1.672524587815414e+00
8.655223564358604e+01 -1.409459025274605e+01 -1.526709925310579e+00
8.673330726627140e+01 -1.435763176336517e+01 -1.379441447109509e+00
8.691437888895675e+01 -1.459470095183381e+01 -1.241233866920428e+00
8.709545051164210e+01 -1.480807826859699e+01 -1.118523168735531e+00
8.727652213432745e+01 -1.500089548632357e+01 -1.014440917126091e+00
8.745759375701280e+01 -1.517662936957491e+01 -9.298340683587498e-01
8.763866537969815e+01 -1.533877392545246e+01 -8.641809746975136e-01
8.781973700238350e+01 -1.549065839650153e+01 -8.162773436456516e-01
8.800080862506886e+01 -1.563536792596721e+01 -7.846895446158884e-01
8.818188024775421e+01 -1.577572844599723e+01 -7.680192338726507e-01
8.836295187043956e+01 -1.591432618694038e+01 -7.650287165025075e-01
8.854402349312491e+01 -1.605354031453071e+01 -7.746659064344728e-01
8.872509511581026e+01 -1.619557299546945e+01 -7.960141124474926e-01
8.890616673849561e+01 -1.634246468444113e+01 -8.281806318267336e-01
8.908723836118097e+01 -1.649608427594003e+01 -8.701314987215170e-01
8.926830998386632e+01 -1.665808494146205e+01 -9.204791907779957e-01
8.944938160655167e+01 -1.682981823117751e+01 -9.772373746020809e-01
8.963045322923702e+01 -1.701220293282231e+01 -1.037573478449895e+00
8.981152485192237e+01 -1.720555296722505e+01 -1.097615518108707e+00
8.999259647460772e+01 -1.740938142593158e+01 -1.152397857434142e+00
9.017366809729307e+01 -1.762221491202394e+01 -1.196045490762818e+00
9.035473971997843e+01 -1.784146905262291e+01 -1.222273273312889e+00
9.053581134266378e+01 -1.806344341254699e+01 -1.225194557372616e+00
9.071688296534913e+01 -1.828348152728243e+01 -1.200301443588501e+00
9.089795458803448e+01 -1.849630474277625e+01 -1.145353771306503e+00
9.107902621071983e+01 -1.869647615702414e+01 -1.060883358853092e+00
9.126009783340518e+01 -1.887890605168958e+01 -9.501346641902286e-01
9.144116945609053e+01 -1.903929651760879e+01 -8.184770058604480e-01
9.162224107877589e+01 -1.917444794160318e+01 -6.725142324819378e-01
9.180331270146124e+01 -1.928239901034260e+01 -5.191819889999841e-01
9.198438432414659e+01 -1.936241965277931e+01 -3.650520380005500e-01
9.216545594683194e+01 -1.941490421049995e+01 -2.159289330108966e-01
9.234652756951729e+01 -1.944121627544015e+01 -7.670726344325339e-02
9.252759919220264e+01 -1.944352446888733e+01 4.860302178069832e-02
9.270867081488799e+01 -1.942465034628326e+01 1.567833074776082e-01
9.288974243757335e+01 -1.938793334059566e+01 2.453213313793780e-01
9.307081406025870e+01 -1.933710694935981e+01 3.123758958532628e-01
9.325188568294405e+01 -1.927617601497145e+01 3.567988649331649e-01
9.343295730562940e+01 -1.920928609154739e+01 3.781958425365249e-01
9.361402892831475e+01 -1.914058080280516e+01 3.769919856796973e-01
9.379510055100010e+01 -1.907404953704750e+01 3.544675499023316e-01
9.397617217368546e+01 -1.901337347226647e+01 3.127379073559657e-01
9.415724379637081e+01 -1.896178098458675e+01 2.546701289403283e-01
9.433831541905616e+01 -1.892192329925786e+01 1.837455613871829e-01
9.451938704174151e+01 -1.889577842399402e+01 1.038886433921303e-01
9.470045866442686e+01 -1.888458746679186e+01 1.928366806370839e-02
9.488153028711221e+01 -1.888882398221569e+01 -6.580494217733102e-02
9.506260190979756e+01 -1.890819498303687e+01 -1.472022635688273e-01
9.524367353248292e+01 -1.894167173735187e+01 -2.209825625536207e-01
9.542474515516827e+01 -1.898754871776181e+01 -2.836206203119115e-01
9.560581677785362e+01 -1.904352905835680e+01 -3.321322524346608e-01
9.578688840053897e+01 -1.910683383618123e+01 -3.641948641437887e-01
9.596796002322432e+01 -1.917433030731783e+01 -3.782336620279287e-01
9.614903164590967e+01 -1.924267153248925e+01 -3.734592348637029e-01
9.633010326859502e+01 -1.930843776489674e+01 -3.498490939456705e-01
9.651117489128038e+01 -1.936826965700571e+01 -3.080776041586261e-01
9.669224651396573e+01 -1.941898529807758e+01 -2.494111309214008e-01
9.687331813665108e+01 -1.945767696802111e+01 -1.755933104605407e-01
9.705438975933643e+01 -1.948178818956739e+01 -8.874608335307099e-02
9.723546138202178e+01 -1.948917579196591e+01 8.694638638464428e-03
9.741653300470713e+01 -1.947816407793415e+01 1.140019113817956e-01
9.759760462739249e+01 -1.944759811781858e+01 2.241469444470026e-01
9.777867625007784e+01 -1.939690052812623e+01 3.357760492895338e-01
9.795974787276319e+01 -1.932613115014957e+01 4.452076877099918e-01
9.814081949544854e+01 -1.923604263337468e+01 5.484868054656667e-01
9.832189111813389e+01 -1.912811846319741e+01 6.415287030746234e-01
9.850296274081924e+01 -1.900457557281625e+01 7.203663676580873e-01
9.868403436350459e+01 -1.886831387388803e+01 7.814832433558483e-01
9.886510598618995e+01 -1.872280178134469e+01 8.221750066738456e-01
9.904617760887530e+01 -1.857189996600264e+01 8.408545243718073e-01
9.922724923156065e+01 -1.841964184709027e+01 8.372116875246491e-01
9.940832085424600e+01 -1.827000285932341e+01 8.121727529106683e-01
9.958939247693135e+01 -1.812669548941676e+01 7.676621782420763e-01
9.977046409961670e+01 -1.799302103624121e+01 7.062282678692831e-01
9.995153572230205e+01 -1.787179446498326e+01 6.306266547638186e-01
1.001326073449874e+02 -1.776534146049704e+01 5.434525651267847e-01
1.003136789676728e+02 -1.767555276309828e+01 4.468827588786786e-01
1.004947505903581e+02 -1.760397333658428e+01 3.425496447176754e-01
1.006758222130435e+02 -1.755190281478583e+01 2.315394426585874e-01
1.008568938357288e+02 -1.752048681073349e+01 1.144904045317603e-01
1.010379654584142e+02 -1.751078341034439e+01 -8.235445526178692e-03
1.012190370810995e+02 -1.752379358871087e+01 -1.363285864038672e-01
1.014001087037849e+02 -1.756044760539001e+01 -2.692717165469128e-01
1.015811803264702e+02 -1.762154196777700e+01 -4.060565699884475e-01
1.017622519491556e+02 -1.770762447878960e+01 -5.448981762915072e-01
1.019433235718409e+02 -1.781882997832716e+01 -6.829842874386496e-01
1.021243951945263e+02 -1.795467851356049e+01 -8.163240513215204e-01
1.023054668172116e+02 -1.811386174152257e+01 -9.397857728524329e-01
1.024865384398970e+02 -1.829406057074697e+01 -1.047418134034974e+00
1.026676100625823e+02 -1.849185105720612e+01 -1.133105006125740e+00
1.028486816852677e+02 -1.870275575062406e+01 -1.191495482393275e+00
1.030297533079530e+02 -1.892147393659743e+01 -1.219003997793585e+00
1.032108249306384e+02 -1.914227612531201e+01 -1.214569739066059e+00
1.033918965533237e+02 -1.935949184355471e+01 -1.179891654066246e+00
1.035729681760091e+02 -1.956798291873159e+01 -1.119036820779500e+00
1.037540397986944e+02 -1.976349818279386e+01 -1.037563953231730e+00
1.039351114213798e+02 -1.994284809917083e+01 -9.414669739447241e-01
1.041161830440651e+02 -2.010389573396331e+01 -8.362464455409494e-01
1.042972546667505e+02 -2.024540634530342e+01 -7.262942005066563e-01
1.044783262894358e+02 -2.036681744966755e+01 -6.146252615484793e-01
1.046593979121212e+02 -2.046798695973080e+01 -5.028870938887942e-01
1.048404695348065e+02 -2.054896007799592e+01 -3.915397552267984e-01
1.050215411574919e+02 -2.060977694153954e+01 -2.801125878806894e-01
1.052026127801772e+02 -2.065032873510318e+01 -1.674754592643037e-01
1.053836844028626e+02 -2.067026182451806e+01 -5.209544644930850e-02
1.055647560255480e+02 -2.066892660295491e+01 6.772503774196313e-02
1.057458276482333e+02 -2.064536861922224e+01 1.936163354034777e-01
1.059268992709187e+02 -2.059836271871247e+01 3.268943429250526e-01
1.061079708936040e+02 -2.052649517640160e+01 4.682737153386327e-01
1.062890425162894e+02 -2.042830286101848e+01 6.175226702280853e-01
1.064701141389747e+02 -2.030248039082019e+01 7.730599256175815e-01
1.066511857616601e+02 -2.014816279770825e+01 9.315355894952050e-01
1.068322573843454e+02 -1.996527786455568e+01 1.087505934177794e+00
1.070133290070308e+02 -1.975493487038741e+01 1.233394954379435e+00
1.071944006297161e+02 -1.951977592914369e+01 1.359985961920830e+00
1.073754722524015e+02 -1.926417570716225e+01 1.457618607760212e+00
1.075565438750868e+02 -1.899416393337881e+01 1.518008588454693e+00
1.077376154977722e+02 -1.871699510069562e+01 1.536213358583793e+00
1.079186871204575e+02 -1.844040571127034e+01 1.511986556554051e+00
1.080997587431429e+02 -1.817173244129750e+01 1.449891844287670e+00
1.082808303658282e+02 -1.791713270111289e+01 1.358103195009300e+00
1.084619019885136e+02 -1.768110368388790e+01 1.246433982497592e+00
1.086429736111989e+02 -1.746636817239147e+01 1.124381691576267e+00
1.088240452338843e+02 -1.727406658793022e+01 9.997631330306793e-01
1.090051168565696e+02 -1.710412724283130e+01 8.781066362907506e-01
1.091861884792550e+02 -1.695568784061062e+01 7.626538633079176e-01
1.093672601019403e+02 -1.682748112580045e+01 6.547102526035576e-01
1.095483317246257e+02 -1.671814333709970e+01 5.541159944988662e-01
1.097294033473110e+02 -1.662643784455519e+01 4.596954853400333e-01
1.099104749699964e+02 -1.655140461946746e+01 3.696215565486428e-01
1.100915465926817e+02 -1.649245271791295e+01 2.816811971988953e-01
1.102726182153671e+02 -1.644941277573671e+01 1.934545921212272e-01
1.104536898380524e+02 -1.642256337653604e+01 1.024284096715914e-01
1.106347614607378e+02 -1.641264116264953e+01 6.065773844246061e-03
1.108158330834231e+02 -1.642084054319293e+01 -9.814516004093446e-02
1.109969047061085e+02 -1.644880484896541e+01 -2.126413025116446e-01
1.111779763287938e+02 -1.649860635921698e+01 -3.397065898818533e-01
1.113590479514792e+02 -1.657270708148622e+01 -4.813306585544606e-01
1.115401195741645e+02 -1.667388475680184e+01 -6.389571581174551e-01
1.117211911968499e+02 -1.680509896768844e+01 -8.130637114633141e-01
1.119022628195353e+02 -1.696926164510967e+01 -1.002518785692812e+00
1.120833344422206e+02 -1.716886952406152e+01 -1.203705914213423e+00
1.122644060649060e+02 -1.740546449495344e+01 -1.409535477374366e+00
1.124454776875913e+02 -1.767893013952677e+01 -1.608710656256585e+00
1.126265493102767e+02 -1.798672714268054e+01 -1.785919274819925e+00
1.128076209329620e+02 -1.832330740579370e+01 -1.923726643913643e+00
1.129886925556474e+02 -1.868005180250728e+01 -2.006419011356058e+00
1.131697641783327e+02 -1.904601364464444e+01 -2.024759596898832e+00
1.133508358010181e+02 -1.940943817343519e+01 -1.979381380069693e+00
1.135319074237034e+02 -1.975960739557022e+01 -1.880776503021983e+00
1.137129790463888e+02 -2.008835299811415e+01 -1.745839383000046e+00
1.138940506690741e+02 -2.039077497327809e+01 -1.592978041203637e+00
1.140751222917595e+02 -2.066512923120140e+01 -1.438140055515870e+00
1.142561939144448e+02 -2.091217486115718e+01 -1.292875886768321e+00
1.144372655371302e+02 -2.113434492801438e+01 -1.164213500107886e+00
1.146183371598155e+02 -2.133499800225277e+01 -1.055533950495559e+00
1.147994087825009e+02 -2.151786192803382e+01 -9.677237953868228e-01
1.149804804051862e+02 -2.168667831930314e+01 -9.001978720900692e-01
1.151615520278716e+02 -2.184500849012607e+01 -8.516516548916198e-01
1.153426236505569e+02 -2.199615075847566e+01 -8.205458410478245e-01
1.155236952732423e+02 -2.214312520851999e+01 -8.053770333474649e-01
1.157047668959276e+02 -2.228869252810232e+01 -8.047921242414603e-01
1.158858385186130e+02 -2.243538285716081e+01 -8.175904579989591e-01
1.160669101412983e+02 -2.258551711121341e+01 -8.426421349465847e-01
1.162479817639837e+02 -2.274120724050438e+01 -8.787391910581923e-01
1.164290533866690e+02 -2.290432435643933e+01 -9.243914889619638e-01
1.166101250093544e+02 -2.307642598665031e+01 -9.775827807896545e-01
1.167911966320397e+02 -2.325863759850469e+01 -1.035516075262117e+00
1.169722682547251e+02 -2.345149081003828e+01 -1.094401015613086e+00
1.171533398774104e+02 -2.365473281868760e+01 -1.149364256554662e+00
1.173344115000958e+02 -2.386713823737957e+01 -1.194582488804539e+00
1.175154831227811e+02 -2.408637193368277e+01 -1.223722882862243e+00
1.176965547454665e+02 -2.430896128804065e+01 -1.230704114196639e+00
1.178776263681519e+02 -2.453042779128968e+01 -1.210664222720163e+00
1.180586979908372e+02 -2.474559474175046e+01 -1.160888466749755e+00
1.182397696135226e+02 -2.494903645573212e+01 -1.081397458290096e+00
1.184208412362079e+02 -2.513558606394605e+01 -9.749862747134367e-01
1.186019128588933e+02 -2.530079866535523e+01 -8.467108670364175e-01
1.187829844815786e+02 -2.544128554376033e+01 -7.030231839304119e-01
1.189640561042640e+02 -2.555488200847701e+01 -5.508463893052777e-01
1.191451277269493e+02 -2.564066134405038e+01 -3.968299772849498e-01
1.193261993496347e+02 -2.569883947983131e+01 -2.468942382211159e-01
1.195072709723200e+02 -2.573062292957059e+01 -1.060488014825523e-01
1.196883425950054e+02 -2.573804240683617e+01 2.160127755694127e-02
1.198694142176907e+02 -2.572379674841527e+01 1.327637771218625e-01
1.200504858403761e+02 -2.569111478357789e+01 2.248638204859090e-01
1.202315574630614e+02 -2.564363094146154e+01 2.959926473727196e-01
1.204126290857468e+02 -2.558526485189338e+01 3.449144737170148e-01
1.205937007084321e+02 -2.552009531495477e+01 3.711177696346256e-01
1.207747723311175e+02 -2.545222321261550e+01 3.748802201108372e-01
1.209558439538028e+02 -2.538562411056208e+01 3.573120430716765e-01
1.211369155764882e+02 -2.532399717998064e+01 3.203498276145704e-01
1.213179871991735e+02 -2.527062076518019e+01 2.666887813343810e-01
1.214990588218589e+02 -2.522822551262987e+01 1.996586568084439e-01
1.216801304445442e+02 -2.519889378666566e+01 1.230610141622174e-01
1.218612020672296e+02 -2.518399042555934e+01 4.098919783174569e-02
1.220422736899149e+02 -2.518412630975991e+01 -4.235184844540306e-02
1.222233453126003e+02 -2.519915383335962e+01 -1.228169842181236e-01
1.224044169352856e+02 -2.522819244644196e+01 -1.964817040327099e-01
1.225854885579710e+02 -2.526968243424404e+01 -2.597932662760565e-01
1.227665601806563e+02 -2.532146509471406e+01 -3.097104312632138e-01
1.229476318033417e+02 -2.538088667473704e+01 -3.438244037808746e-01
1.231287034260270e+02 -2.544492158123517e+01 -3.604484578859848e-01
1.233097750487124e+02 -2.551030795747819e+01 -3.586629271544490e-01
1.234908466713977e+02 -2.557368669634944e+01 -3.383076080469568e-01
1.236719182940831e+02 -2.563173440921749e+01 -2.999240017681010e-01
1.238529899167685e+02 -2.568128237862182e+01 -2.446614631773385e-01
1.240340615394538e+02 -2.571941690605999e+01 -1.741696672252227e-01
1.242151331621392e+02 -2.574356079907279e+01 -9.050161357040304e-02
1.243962047848245e+02 -2.575153974136333e+01 3.953989690582116e-03
1.245772764075099e+02 -2.574163977789478e+01 1.065030213512121e-01
1.247583480301952e+02 -2.571266237087813e+01 2.141445968710216e-01
1.249394196528806e+02 -2.566398121142246e+01 3.235572407832759e-01
1.251204912755659e+02 -2.559560046724451e+01 4.311024803167185e-01
1.253015628982513e+02 -2.550820816587823e+01 5.328807912039877e-01
1.254826345209366e+02 -2.540321230522188e+01 6.248705573979836e-01
1.256637061436220e+02 -2.528274305505015e+01 7.031638109191867e-01
1.258447777663073e+02 -2.514960444354479e+01 7.642828084935772e-01
1.260258493889927e+02 -2.500716506213675e+01 8.055255155514297e-01
1.262069210116780e+02 -2.485918951699944e+01 8.252600025345507e-01
1.263879926343634e+02 -2.470962763255142e+01 8.230842248155931e-01
1.265690642570487e+02 -2.456239136054537e+01 7.997970494913885e-01
1.267501358797341e+02 -2.442115449474613e+01 7.571802716786606e-01
1.269312075024194e+02 -2.428920514875492e+01 6.976466810440740e-01
1.271122791251048e+02 -2.416936755447487e+01 6.238419058632918e-01
1.272933507477901e+02 -2.406399341265519e+01 5.382872098218474e-01
1.274744223704755e+02 -2.397500938239310e+01 4.431237104277547e-01
1.276554939931608e+02 -2.390399959464538e+01 3.399825611975035e-01
1.278365656158462e+02 -2.385230049696167e+01 2.299759043862928e-01
1.280176372385315e+02 -2.382108796567111e+01 1.137871270099066e-01
1.281987088612166e+02 -2.381144099231346e+01 -8.164631721927362e-03
1.283797804839016e+02 -2.382437049870652e+01 -1.355068565141668e-01
1.285608521065867e+02 -2.386080516136799e+01 -2.676587773627973e-01
1.287419237292718e+02 -2.392152878801965e+01 -4.035538266542729e-01
1.289229953519568e+02 -2.400706690095085e+01 -5.413608146242646e-01
1.291040669746419e+02 -2.411752543554948e+01 -6.782421771573401e-01
1.292851385973270e+02 -2.425239361300994e+01 -8.102128887221289e-01
1.294662102200120e+02 -2.441033686535091e+01 -9.321875023728631e-01
1.296472818426971e+02 -2.458902226330282e+01 -1.038305143914378e+00
1.298283534653822e+02 -2.478503196109828e+01 -1.122577065767855e+00
1.300094250880672e+02 -2.499391949206081e+01 -1.179795084956850e+00
1.301904967107523e+02 -2.521043991265173e+01 -1.206498707538744e+00
1.303715683334374e+02 -2.542893793825056e+01 -1.201700710672162e+00
1.305526399561224e+02 -2.564382424553997e+01 -1.167101416375769e+00
1.307337115788075e+02 -2.585003544966507e+01 -1.106698399244674e+00
1.309147832014926e+02 -2.604337769153965e+01 -1.025931620983838e+00
1.310958548241776e+02 -2.622069512150536e+01 -9.306581130121849e-01
1.312769264468627e+02 -2.637986025405835e+01 -8.262515423420130e-01
1.314579980695478e+02 -2.651962714432519e+01 -7.170044569901058e-01
1.316390696922329e+02 -2.663940716487825e+01 -6.058663430613797e-01
1.318201413149179e+02 -2.673902315963343e+01 -4.944508425041922e-01
1.320012129376030e+02 -2.681848158033406e+01 -3.832100896698387e-01
1.321822845602881e+02 -2.687778425304855e+01 -2.716852917621462e-01
1.323633561829731e+02 -2.691678764214914e+01 -1.587735816338240e-01
1.325444278056582e+02 -2.693510956630880e+01 -4.298288043084793e-02
1.327254994283433e+02 -2.693208054286905e+01 7.732910547849751e-02
1.329065710510283e+02 -2.690673779700959e+01 2.037196935660716e-01
1.330876426737134e+02 -2.685786304941779e+01 3.374090013099411e-01
1.332687142963985e+02 -2.678406926934910e+01 4.789877293809112e-01
1.334497859190835e+02 -2.668394529450550e+01 6.280687255015714e-01
1.336308575417686e+02 -2.655626851207822e+01 7.828873149166159e-01
1.338119291644537e+02 -2.640029135867136e+01 9.398986502322357e-01
1.339930007871387e+02 -2.621609280379202e+01 1.093488778316808e+00
1.341740724098238e+02 -2.600495764061294e+01 1.235994470771627e+00
1.343551440325089e+02 -2.576970649202153e+01 1.358264479602597e+00
1.345362156551939e+02 -2.551486263146365e+01 1.450908230151917e+00
1.347172872778790e+02 -2.524653698352089e+01 1.506108165443213e+00
1.348983589005641e+02 -2.497196921281008e+01 1.519493483936960e+00
1.350794305232491e+02 -2.469877947342378e+01 1.491339529167912e+00
1.352605021459342e+02 -2.443410982208120e+01 1.426532837618005e+00
1.354415737686193e+02 -2.418388869106430e+01 1.333301024570874e+00
1.356226453913043e+02 -2.395239729616243e+01 1.221272522162922e+00
1.358037170139894e+02 -2.374219047735324e+01 1.099617632090327e+00
1.359847886366745e+02 -2.355430474070967e+01 9.757888354442119e-01
1.361658602593595e+02 -2.338862788585718e+01 8.549874237662527e-01
1.363469318820446e+02 -2.324431011027859e+01 7.401992504723067e-01
1.365280035047297e+02 -2.312013613595638e+01 6.325481671132825e-01
1.367090751274147e+02 -2.301482128207405e+01 5.317537017808531e-01
1.368901467500998e+02 -2.292722569683918e+01 4.365624363063604e-01
1.370712183727849e+02 -2.285649760627084e+01 3.450958431942955e-01
1.372522899954699e+02 -2.280216217296572e+01 2.551039447967124e-01
1.374333616181550e+02 -2.276417210251559e+01 1.641372625351879e-01
1.376144332408401e+02 -2.274293295208917e+01 6.965804951494023e-02
1.377955048635251e+02 -2.273931207626554e+01 -3.088639578798164e-02
1.379765764862102e+02 -2.275463599272583e+01 -1.400051968942931e-01
1.381576481088953e+02 -2.279067661921152e+01 -2.600949830764815e-01
1.383387197315803e+02 -2.284962184134158e+01 -3.933299622591603e-01
1.385197913542654e+02 -2.293401953523599e+01 -5.414710606556069e-01
1.387008629769505e+02 -2.304667593538156e+01 -7.055432437095106e-01
1.388819345996355e+02 -2.319047939519098e+01 -8.853253502959035e-01
1.390630062223206e+02 -2.336811173819483e+01 -1.078616837461429e+00
1.392440778450057e+02 -2.358160885678317e+01 -1.280324273756404e+00
1.394251494676907e+02 -2.383175423655894e+01 -1.481586623244939e+00
1.396062210903758e+02 -2.411735250931424e+01 -1.669431446893861e+00
1.397872927130609e+02 -2.443454295919295e+01 -1.827686729706520e+00
1.399683643357459e+02 -2.477643972422892e+01 -1.939725693308074e+00
1.401494359584310e+02 -2.513342317141676e+01 -1.992756934154496e+00
1.403305075811161e+02 -2.549423467631768e+01 -1.982041182298918e+00
1.405115792038011e+02 -2.584765446500043e+01 -1.912770848926428e+00
1.406926508264862e+02 -2.618420286959948e+01 -1.798425681928286e+00
1.408737224491713e+02 -2.649728285335348e+01 -1.656567959628203e+00
1.410547940718563e+02 -2.678349947602730e+01 -1.504344446996629e+00
1.412358656945414e+02 -2.704228399982780e+01 -1.355495566839666e+00
1.414169373172265e+02 -2.727515621266387e+01 -1.219318695044375e+00
1.415980089399116e+02 -2.748493865845587e+01 -1.101043048906698e+00
1.417790805625966e+02 -2.767510685164801e+01 -1.002838003116282e+00
1.419601521852817e+02 -2.784933459674328e+01 -9.248920671391967e-01
1.421412238079668e+02 -2.801121896839754e+01 -8.662940760678051e-01
1.423222954306518e+02 -2.816414096156829e+01 -8.256501144114288e-01
1.425033670533369e+02 -2.831121573469469e+01 -8.014645503347745e-01
1.426844386760220e+02 -2.845529462021448e+01 -7.923400579007569e-01
1.428655102987070e+02 -2.859899083526613e+01 -7.970465701747985e-01
1.430465819213921e+02 -2.874470859995852e+01 -8.144946084166393e-01
1.432276535440772e+02 -2.889466047891908e+01 -8.436345159060810e-01
1.434087251667622e+02 -2.905086073810390e+01 -8.832939219643808e-01
1.435897967894473e+02 -2.921508440459140e+01 -9.319633235646405e-01
1.437708684121324e+02 -2.938878391902689e+01 -9.875457991655815e-01
1.439519400348174e+02 -2.957295948253693e+01 -1.047103114502460e+00
1.441330116575025e+02 -2.976798725679917e+01 -1.106656245770364e+00
1.443140832801876e+02 -2.997342273427079e+01 -1.161127104354506e+00
1.444951549028726e+02 -3.018781407395745e+01 -1.204523536909505e+00
1.446762265255577e+02 -3.040857732716122e+01 -1.230445968180693e+00
1.448572981482428e+02 -3.063199301798675e+01 -1.232909883968784e+00
1.450383697709278e+02 -3.085337067106476e+01 -1.207342518006345e+00
1.452194413936129e+02 -3.106738984994596e+01 -1.151484022974877e+00
1.454005130162980e+02 -3.126857260336114e+01 -1.065893148785048e+00
1.455815846389830e+02 -3.145179650081087e+01 -9.538767491674712e-01
1.457626562616681e+02 -3.161274399558670e+01 -8.208826640793572e-01
1.459437278843532e+02 -3.174821000133834e+01 -6.735897918194051e-01
1.461247995070382e+02 -3.185623994442070e+01 -5.189921526454158e-01
1.463058711297233e+02 -3.193611915696873e+01 -3.636987741605317e-01
1.464869427524084e+02 -3.198826238664308e+01 -2.135330771723776e-01
1.466680143750934e+02 -3.201405585674092e+01 -7.339656352194050e-02
1.468490859977785e+02 -3.201569152279543e+01 5.269888985231282e-02
1.470301576204636e+02 -3.199601459860932e+01 1.615323068219909e-01
1.472112292431486e+02 -3.195838888302050e+01 2.505857073296813e-01
1.473923008658337e+02 -3.190657362128333e+01 3.180084933413511e-01
1.475733724885188e+02 -3.184460131480766e+01 3.626412585434154e-01
1.477544441112038e+02 -3.177664715728289e+01 3.840795721861762e-01
1.479355157338889e+02 -3.170688586137098e+01 3.827431383066851e-01
1.481165873565740e+02 -3.163933827262053e+01 3.599139205022741e-01
1.482976589792590e+02 -3.157771597026597e+01 3.177173009721618e-01
1.484787306019441e+02 -3.152527518972880e+01 2.590382271217298e-01
1.486598022246292e+02 -3.148469118326177e+01 1.873821624619056e-01
1.488408738473142e+02 -3.145796121412518e+01 1.067017726203005e-01
1.490219454699993e+02 -3.144634031460529e+01 2.121172164139336e-02
1.492030170926844e+02 -3.145031038142742e+01 -6.479246525883924e-02
1.493840887153694e+02 -3.146958113821348e+01 -1.471048720944868e-01
1.495651603380545e+02 -3.150312100432474e+01 -2.217694400055635e-01
1.497462319607396e+02 -3.154921622070000e+01 -2.852319582244254e-01
1.499273035834246e+02 -3.160555663802473e+01 -3.344816547990881e-01
1.501083752061097e+02 -3.166934556478203e+01 -3.671732599103033e-01
1.502894468287948e+02 -3.173742886392739e+01 -3.817148887285683e-01
1.504705184514798e+02 -3.180643572061229e+01 -3.773069723127326e-01
1.506515900741649e+02 -3.187292134942046e+01 -3.539243357717287e-01
1.508326616968500e+02 -3.193350152086822e+01 -3.122455748165064e-01
1.510137333195350e+02 -3.198497072113284e+01 -2.535466149692082e-01
1.511948049422201e+02 -3.202439967383346e+01 -1.795837402161214e-01
1.513758765649052e+02 -3.204921273668139e+01 -9.249228906971849e-02
1.515569481875903e+02 -3.205724992043005e+01 5.279556265414589e-03
1.517380198102753e+02 -3.204682074542314e+01 1.109947126395960e-01
1.519190914329604e+02 -3.201675713994022e+01 2.216163053707255e-01
1.521001630556455e+02 -3.196646993533880e+01 3.337834715388353e-01
1.522812346783305e+02 -3.189600854944929e+01 4.438064282703113e-01
1.524623063010156e+02 -3.180611697558797e+01 5.477184568595650e-01
1.526433779237007e+02 -3.169827262375954e+01 6.414177501260052e-01
1.528244495463857e+02 -3.157469002017700e+01 7.209138794728482e-01
1.530055211690708e+02 -3.143827142014871e+01 7.826615821216836e-01
1.531865927917559e+02 -3.129249303704333e+01 8.239256758562740e-01
1.533676644144409e+02 -3.114122877353426e+01 8.430907269642329e-01
1.535487360371260e+02 -3.098852979347279e+01 8.398258414100612e-01
1.537298076598111e+02 -3.083839207139004e+01 8.150475971119424e-01
1.539108792824961e+02 -3.069454927962649e+01 7.706829354086844e-01
1.540919509051812e+02 -3.056032245989909e+01 7.092931373875170e-01
1.542730225278663e+02 -3.043854328452875e+01 6.336536898582276e-01
1.544540941505513e+02 -3.033155025334879e+01 5.463822475281925e-01
1.546351657732364e+02 -3.024124292514020e+01 4.496767238351131e-01
1.548162373959215e+02 -3.016917158414417e+01 3.451866578022155e-01
1.549973090186065e+02 -3.011663857056694e+01 2.340098514837061e-01
1.551783806412916e+02 -3.008479065450545e+01 1.167900652945856e-01
1.553594522639767e+02 -3.007468662438048e+01 -6.111102186961793e-03
1.555405238866617e+02 -3.008732873405881e+01 -1.343899564514536e-01
1.557215955093468e+02 -3.012365000655467e+01 -2.675396072084051e-01
1.559026671320319e+02 -3.018445192780757e+01 -4.045656063356082e-01
1.560837387547169e+02 -3.027028996140611e+01 -5.436984269026494e-01
1.562648103774020e+02 -3.038130935655958e+01 -6.821401991513443e-01
1.564458820000871e+02 -3.051704280009299e+01 -8.159096146739809e-01
1.566269536227721e+02 -3.067619553756129e+01 -9.398751345950764e-01
1.568080252454572e+02 -3.085646091355644e+01 -1.048071965921517e+00
1.569890968681423e+02 -3.105442356687406e+01 -1.134354865015004e+00
1.571701684908273e+02 -3.126560807752392e+01 -1.193330491680065e+00
1.573512401135124e+02 -3.148470740410301e+01 -1.221365047591480e+00
1.575323117361975e+02 -3.170597729547149e+01 -1.217354738182898e+00
1.577133833588825e+02 -3.192372603199577e+01 -1.182971328881176e+00
1.578944549815676e+02 -3.213279118637116e+01 -1.122276253093639e+00
1.580755266042527e+02 -3.232889823593175e+01 -1.040843109489526e+00
1.582565982269377e+02 -3.250883838775434e+01 -9.446948617830490e-01
1.584376698496228e+02 -3.267046135854956e+01 -8.393669003830945e-01
1.586187414723079e+02 -3.281252532350209e+01 -7.292844466915819e-01
1.587998130949929e+02 -3.293446626934814e+01 -6.174899649067234e-01
1.589808847176780e+02 -3.303614485731783e+01 -5.056506226415407e-01
1.591619563403631e+02 -3.311761190182354e+01 -3.942385150107981e-01
1.593430279630481e+02 -3.317891470634584e+01 -2.827883015867509e-01
1.595240995857332e+02 -3.321995205737360e+01 -1.701694960459633e-01
1.597051712084183e+02 -3.324037740133688e+01 -5.484384472747754e-02
1.598862428311033e+02 -3.323954681025675e+01 6.489642292892975e-02
1.600673144537884e+02 -3.321650919581758e+01 1.906971771906074e-01
1.602483860764735e+02 -3.317003939699671e+01 3.238962031826548e-01
1.604294576991585e+02 -3.309871904766047e+01 4.652376639894041e-01
1.606105293218436e+02 -3.300107426712160e+01 6.145278112004781e-01
1.607916009445287e+02 -3.287578128690599e+01 7.702314014354134e-01
1.609726725672137e+02 -3.272194792869283e+01 9.290490117052782e-01
1.611537441898988e+02 -3.253946582024464e+01 1.085583347944767e+00
1.613348158125839e+02 -3.232940107887194e+01 1.232286547143118e+00
1.615158874352690e+02 -3.209435056897548e+01 1.359933828681272e+00
1.616969590579540e+02 -3.183864963653918e+01 1.458805804907356e+00
1.618780306806391e+02 -3.156830421763057e+01 1.520507219911166e+00
1.620591023033242e+02 -3.129056842605960e+01 1.539953082761151e+00
1.622401739260092e+02 -3.101320422270146e+01 1.516761161628845e+00
1.624212455486943e+02 -3.074359470910437e+01 1.455404884721127e+00
1.626023171713794e+02 -3.048795415050812e+01 1.364034588750932e+00
1.627833887940644e+02 -3.025083502844355e+01 1.252501880263581e+00
1.629644604167495e+02 -3.003500454345606e+01 1.130381531866247e+00
1.631455320394346e+02 -2.984163204367016e+01 1.005580098585907e+00
1.633266036621196e+02 -2.967065895489911e+01 8.837083906846301e-01
1.635076752848047e+02 -2.952122261319206e+01 7.680736674966746e-01
1.636887469074898e+02 -2.939204520623311e+01 6.600285383659475e-01
1.638698185301748e+02 -2.928174534088052e+01 5.594448486059882e-01
1.640508901528599e+02 -2.918906409842550e+01 4.651675222394998e-01
1.642319617755450e+02 -2.911301613314803e+01 3.753829307997312e-01
1.644130333982300e+02 -2.905298311797239e+01 2.878877745342958e-01
1.645941050209151e+02 -2.900876673482449e+01 2.002701105099136e-01
1.647751766436002e+02 -2.898061528377138e+01 1.100234595274008e-01
1.649562482662852e+02 -2.896923399519906e+01 1.461638106237118e-02
1.651373198889703e+02 -2.897578513650232e+01 -8.846079414265853e-02
1.653183915116554e+02 -2.900188006636797e+01 -2.016498615819996e-01
1.654994631343404e+02 -2.904956108811146e+01 -3.272533158461937e-01
1.656805347570255e+02 -2.912126559470983e+01 -4.673036179386969e-01
1.658616063797106e+02 -2.921975780943070e+01 -6.233272562412517e-01
1.660426780023956e+02 -2.934800398026279e+01 -7.959458418048110e-01
1.662237496250807e+02 -2.950895611046410e+01 -9.842566262121962e-01
1.664048212477658e+02 -2.970520148447424e+01 -1.184973117095524e+00
1.665858928704508e+02 -2.993844092047375e+01 -1.391425116216126e+00
1.667669644931359e+02 -3.020879621392120e+01 -1.592753676139943e+00
1.669480361158210e+02 -3.051403620416281e+01 -1.773948707373835e+00
1.671291077385060e+02 -3.084894730420455e+01 -1.917528566255440e+00
1.673101793611911e+02 -3.120519142101154e+01 -2.007221864408765e+00
1.674912509838762e+02 -3.157195721979654e+01 -2.032772260074851e+00
1.676723226065612e+02 -3.193742127967635e+01 -1.993649046075263e+00
1.678533942292463e+02 -3.229060594505980e+01 -1.899463799236847e+00
1.680344658519314e+02 -3.262297174566378e+01 -1.766780380912149e+00
1.682155374746164e+02 -3.292923758774368e+01 -1.614201745780536e+00
1.683966090973015e+02 -3.320734504005337e+01 -1.458174261209319e+00
1.685776807199866e+02 -3.345783799093070e+01 -1.310810328698106e+00
1.687587523426716e+02 -3.368302948572718e+01 -1.179610968767915e+00
1.689398239653567e+02 -3.388623107987495e+01 -1.068288163437057e+00
1.691208955880418e+02 -3.407117104790579e+01 -9.779260117816370e-01
1.693019672107268e+02 -3.424161756136442e+01 -9.080364807239020e-01
1.694830388334119e+02 -3.440116965653230e+01 -8.573465715174260e-01
1.696641104560970e+02 -3.455316530975326e+01 -8.243107746568209e-01
1.698451820787820e+02 -3.470066126367096e+01 -8.074014336833804e-01
1.700262537014671e+02 -3.484644986956398e+01 -8.052363022415963e-01
1.702073253241522e+02 -3.499308790691114e+01 -8.165896080744580e-01
1.703883969468372e+02 -3.514291924849507e+01 -8.403168529834741e-01
1.705694685695223e+02 -3.529807751635018e+01 -8.752112935437933e-01
1.707505401922074e+02 -3.546045749764976e+01 -9.198044000059490e-01
1.709316118148924e+02 -3.563164642704673e+01 -9.721253552846008e-01
1.711126834375775e+02 -3.581280996047325e+01 -1.029447342224360e+00
1.712937550602626e+02 -3.600453460492336e+01 -1.088070995755127e+00
1.714748266829477e+02 -3.620664000935350e+01 -1.143223299838942e+00
1.716558983056327e+02 -3.641799076035689e+01 -1.189169972269496e+00
1.718369699283178e+02 -3.663635471424078e+01 -1.219627929117116e+00
1.720180415510029e+02 -3.685836551767651e+01 -1.228498186305566e+00
1.721991131736879e+02 -3.707964023440935e+01 -1.210817213753988e+00
1.723801847963730e+02 -3.729507201080632e+01 -1.163690936191412e+00
1.725612564190581e+02 -3.749926770369944e+01 -1.086914191178166e+00
1.727423280417431e+02 -3.768705136922647e+01 -9.830562403625597e-01
1.729233996644282e+02 -3.785393151597722e+01 -8.569904718267564e-01
1.731044712871133e+02 -3.799644573219285e+01 -7.150541007140453e-01
1.732855429097983e+02 -3.811234123642928e+01 -5.641244384976883e-01
1.734666145324834e+02 -3.820059999759096e+01 -4.108575798699564e-01
1.736476861551685e+02 -3.826135083058085e+01 -2.612097602056139e-01
1.738287577778535e+02 -3.829572070178858e+01 -1.202353649500181e-01
1.740098294005386e+02 -3.830566862732991e+01 7.920069711998518e-03
1.741909010232237e+02 -3.829382827062039e+01 1.199329111982578e-01
1.743719726459087e+02 -3.826336825949442e+01 2.132040308565946e-01
1.745530442685938e+02 -3.821786700017570e+01 2.858015779125900e-01
1.747341158912789e+02 -3.816119272620858e+01 3.364605849769323e-01
1.749151875139639e+02 -3.809737914669748e+01 3.646282888826723e-01
1.750962591366490e+02 -3.803049085048024e+01 3.705262881140602e-01
1.752773307593341e+02 -3.796447855492668e+01 3.551949817088869e-01
1.754584023820191e+02 -3.790303014421977e+01 3.204919657303829e-01
1.756394740047042e+02 -3.784942732530647e+01 2.690307726168590e-01
1.758205456273893e+02 -3.780641863814809e+01 2.040633320142330e-01
1.760016172500743e+02 -3.777611768704254e+01 1.293222761038335e-01
1.761826888727594e+02 -3.775993199215225e+01 4.884379936846842e-02
1.763637604954445e+02 -3.775852431266276e+01 -3.321153957749570e-02
1.765448321181295e+02 -3.777180580319311e+01 -1.127302677820277e-01
1.767259037408146e+02 -3.779895927024974e+01 -1.858069675171019e-01
1.769069753634997e+02 -3.783849065166835e+01 -2.488950686691190e-01
1.770880469861847e+02 -3.788830678947522e+01 -2.989458245130059e-01
1.772691186088698e+02 -3.794581682762711e+01 -3.335286732444016e-01
1.774501902315549e+02 -3.800805286060871e+01 -3.509213192059551e-01
1.776312618542399e+02 -3.807180317766045e+01 -3.501568849327205e-01
1.778123334769250e+02 -3.813374950316680e+01 -3.310202888396450e-01
1.779934050996101e+02 -3.819059903716656e+01 -2.939956913105886e-01
1.781744767222951e+02 -3.823920345305660e+01 -2.401779853101301e-01
1.783555483449802e+02 -3.827666017765088e+01 -1.711695331953778e-01
1.785366199676653e+02 -3.830039541393533e+01 -8.898545378694003e-02
1.787176915903503e+02 -3.830823224729326e+01 4.014075354879797e-03
1.788987632130354e+02 -3.829844964897540e+01 1.051563608317422e-01
1.790798348357205e+02 -3.826983849417018e+01 2.114586008981453e-01
1.792609064584055e+02 -3.822175858941300e+01 3.196183652752257e-01
1.794419780810906e+02 -3.815419639142155e+01 4.260209073302967e-01
1.796230497037757e+02 -3.806781733186994e+01 5.267970457546438e-01
1.798041213264607e+02 -3.796400076151325e+01 6.179612375671006e-01
1.799851929491458e+02 -3.784484144677092e+01 6.956430882729675e-01
1.801662645718309e+02 -3.771310159494873e+01 7.563968077696800e-01
1.803473361945159e+02 -3.757210333024910e+01 7.975383743450140e-01
1.805284078172010e+02 -3.742556333490104e+01 8.174330635988366e-01
1.807094794398861e+02 -3.727738614798162e+01 8.156524659467812e-01
1.808905510625711e+02 -3.713144517848829e+01 7.929482529436092e-01
1.810716226852562e+02 -3.699138556219410e+01 7.510417994718488e-01
1.812526943079413e+02 -3.686047813595495e+01 6.922823310482954e-01
1.814337659306264e+02 -3.674154090988351e+01 6.192583511747282e-01
1.816148375533114e+02 -3.663692858134306e+01 5.344472693977820e-01
1.817959091759965e+02 -3.654857727553259e+01 4.399628438417862e-01
1.819769807986816e+02 -3.647808402807116e+01 3.374254021379861e-01
1.821580524213666e+02 -3.642679879914020e+01 2.279507462647261e-01
1.823391240440517e+02 -3.639590922629098e+01 1.122374220350785e-01
1.825201956667368e+02 -3.638650251306132e+01 -9.271894400147022e-03
1.827012672894218e+02 -3.639959299503299e+01 -1.361756972364682e-01
1.828823389121069e+02 -3.643610723187594e+01 -2.678616010591515e-01
1.830634105347920e+02 -3.649682118409041e+01 -4.032319367522939e-01
1.832444821574770e+02 -3.658224723316201e+01 -5.404289049765959e-01
1.834255537801621e+02 -3.669247414458630e+01 -6.765980192144145e-01
1.836066254028472e+02 -3.682697224898190e+01 -8.077532516247452e-01
1.837876970255322e+02 -3.698438981622691e+01 -9.288301305668544e-01
1.839687686482173e+02 -3.716238283424276e+01 -1.034014127551932e+00
1.841498402709024e+02 -3.735753293310382e+01 -1.117385709526817e+00
1.843309118935874e+02 -3.756540698381519e+01 -1.173818117521855e+00
1.845119835162725e+02 -3.778078792060590e+01 -1.199926699135167e+00
1.846930551389576e+02 -3.799806006667558e+01 -1.194774965456017e+00
1.848741267616426e+02 -3.821167952349007e+01 -1.160075386079321e+00
1.850551983843277e+02 -3.841662680674006e+01 -1.099797330665981e+00
1.852362700070128e+02 -3.860874387888935e+01 -1.019322132318385e+00
1.854173416296978e+02 -3.878489855890109e+01 -9.244340945905449e-01
1.855984132523829e+02 -3.894297381378507e+01 -8.204359512802861e-01
1.857794848750680e+02 -3.908172233648308e+01 -7.115619682423020e-01
1.859605564977530e+02 -3.920054512679916e+01 -6.007207139730550e-01
1.861416281204381e+02 -3.929924884247851e+01 -4.895022587333507e-01
1.863226997431232e+02 -3.937782087168134e+01 -3.783500175839588e-01
1.865037713658082e+02 -3.943624351143448e+01 -2.668083018393865e-01
1.866848429884933e+02 -3.947435514389034e+01 -1.537868245057057e-01
1.868659146111784e+02 -3.949175854818611e+01 -3.781446843765450e-02
1.870469862338634e+02 -3.948777376916272e+01 8.272141305349068e-02
1.872280578565485e+02 -3.946143382500141e+01 2.093382249577812e-01
1.874091294792336e+02 -3.941152456932355e+01 3.432034229397093e-01
1.875902011019186e+02 -3.933667399609702e+01 4.848396832802570e-01
1.877712727246037e+02 -3.923549979255630e+01 6.337751896213867e-01
1.879523443472888e+02 -3.910682488582376e+01 7.881464893307327e-01
1.881334159699738e+02 -3.894996575112998e+01 9.443056212098881e-01
1.883144875926589e+02 -3.876508300863794e+01 1.096551619863225e+00
1.884955592153440e+02 -3.855355507663953e+01 1.237182027682336e+00
1.886766308380290e+02 -3.831829620361342e+01 1.357090565882433e+00
1.888577024607141e+02 -3.806390545558472e+01 1.447040686236512e+00
1.890387740833992e+02 -3.779653206036047e+01 1.499469879404161e+00
1.892198457060842e+02 -3.752340230479319e+01 1.510310971739845e+00
1.894009173287693e+02 -3.725206977377352e+01 1.480108641533100e+00
1.895819889514544e+02 -3.698957026460893e+01 1.413908655759273e+00
1.897630605741394e+02 -3.674170995580330e+01 1.319955264012254e+00
1.899441321968245e+02 -3.651265653345536e+01 1.207770814630571e+00
1.901252038195096e+02 -3.630487779553390e+01 1.086348847414131e+00
1.903062754421946e+02 -3.611935739530118e+01 9.629490129651063e-01
1.904873470648797e+02 -3.595596364012822e+01 8.426014096924259e-01
1.906684186875648e+02 -3.581385488191984e+01 7.281589351111523e-01
1.908494903102498e+02 -3.569184446376713e+01 6.206515841634173e-01
1.910305619329349e+02 -3.558869029739067e+01 5.197368934450938e-01
1.912116335556200e+02 -3.550330417908307e+01 4.241218610757522e-01
1.913927051783051e+02 -3.543489177283518e+01 3.319023667229410e-01
1.915737768009901e+02 -3.538303952290697e+01 2.408107871238176e-01
1.917548484236752e+02 -3.534776416370176e+01 1.483846229298953e-01
1.919359200463603e+02 -3.532953728096435e+01 5.207721730761474e-02
1.921169916690453e+02 -3.532929333070691e+01 -5.066635348012081e-02
1.922980632917304e+02 -3.534842527900016e+01 -1.623443233861465e-01
1.924791349144155e+02 -3.538876750168563e+01 -2.853176582952477e-01
1.926602065371005e+02 -3.545256028060062e+01 -4.216812140078469e-01
1.928412781597856e+02 -3.554238350364569e+01 -5.730445092644103e-01
1.930223497824707e+02 -3.566103862565627e+01 -7.401703007811572e-01
1.932034214051557e+02 -3.581134829025074e+01 -9.224190736851320e-01
1.933844930278408e+02 -3.599583572952666e+01 -1.116978661950808e+00
1.935655646505259e+02 -3.621624982044098e+01 -1.317955798697716e+00
1.937466362732109e+02 -3.647293186999434e+01 -1.515604027172527e+00
1.939277078958960e+02 -3.676409423831847e+01 -1.696234979445833e+00
1.941087795185811e+02 -3.708519902211068e+01 -1.843526848942388e+00
1.942898511412661e+02 -3.742873729325303e+01 -1.941646868211425e+00
1.944709227639512e+02 -3.778470398442855e+01 -1.979602671975561e+00
1.946519943866363e+02 -3.814184047692586e+01 -1.954993490394207e+00
1.948330660093213e+02 -3.848933739284237e+01 -1.875062850370039e+00
1.950141376320064e+02 -3.881841540178826e+01 -1.754365365433794e+00
1.951952092546915e+02 -3.912326775899437e+01 -1.610404749470604e+00
1.953762808773765e+02 -3.940119968585065e+01 -1.459471664429595e+00
1.955573525000616e+02 -3.965215350636287e+01 -1.314153238819887e+00
1.957384241227467e+02 -3.987795475338367e+01 -1.182678906783680e+00
1.959194957454317e+02 -4.008156090855471e+01 -1.069473403559179e+00
1.961005673681168e+02 -4.026646307295448e+01 -9.761874960306876e-01
1.962816389908019e+02 -4.043627885476378e+01 -9.027238160756105e-01
1.964627106134869e+02 -4.059451303464068e+01 -8.480468102173618e-01
1.966437822361720e+02 -4.074444161446242e+01 -8.107377418443961e-01
1.968248538588571e+02 -4.088907576507906e+01 -7.893308446460913e-01
1.970059254815421e+02 -4.103117089102813e+01 -7.824842014511210e-01
1.971869971042272e+02 -4.117325524666757e+01 -7.890313169016238e-01
1.973680687269123e+02 -4.131765957985477e+01 -8.079449662114108e-01
1.975491403495973e+02 -4.146653377001560e+01 -8.382319374035320e-01
1.977302119722824e+02 -4.162183896752934e+01 -8.787690583915631e-01
1.979112835949675e+02 -4.178530535859471e+01 -9.280892097381187e-01
1.980923552176525e+02 -4.195834771427207e+01 -9.841326316941551e-01
1.982734268403376e+02 -4.214193499127266e+01 -1.043995311059199e+00
1.984544984630227e+02 -4.233641822692327e+01 -1.103732006932756e+00
1.986355700857077e+02 -4.254133403144347e+01 -1.158300066027665e+00
1.988166417083928e+02 -4.275521832437839e+01 -1.201745257900499e+00
1.989977133310779e+02 -4.297548193315344e+01 -1.227707159279657e+00
1.991787849537629e+02 -4.319840709811978e+01 -1.230237969225517e+00
1.993598565764480e+02 -4.341931109201195e+01 -1.204793906108225e+00
1.995409281991331e+02 -4.363288538842050e+01 -1.149131446135077e+00
1.997219998218181e+02 -4.383366555758750e+01 -1.063810760944092e+00
1.999030714445032e+02 -4.401654169927797e+01 -9.521269447263178e-01

